cb5cr -0.8809614394119138 3.88280690639298 -1438.951485570255 2.2769091999999995 0.9998577248133527
1cb5cr -0.9046322376279092 3.677831938692828 -1445.4012552380132 2.0668185799999987 0.9999217507863293
cb6cr -0.8654239708739684 3.867428872708926 -1435.7733910520285 2.2952135999999994 0.9999940608173326
1cb6cr -0.9235460431376127 3.8247948138376806 -1442.5977374325228 2.101128889999999 0.9999720814310151
dsurcr -0.7180932133993352 2.08229489115331 -1378.978427740194 2.5334052599999994 0.9999837645075095
dsur_hcr   -0.9162597542100814 3.3181100364111833 -1388.5477347544113 1.8754658499999994 0.9996548882777553 
cb5ir -0.8707819180771633 3.68897789852633 -1438.5520602206775 2.2769091999999995 0.9998915945562737
1cb5ir -0.8701767150440682 3.4019515031522407 -1444.9678098530187 2.0668185799999987 0.9998203263557782
cb6ir -0.8510354702832759 3.655054421743429 -1435.3511629774514 2.2952135999999994 0.9999286678266337
1cb6ir -0.9006781330384386 3.5862667547352625 -1442.187057860863 2.101128889999999 0.9998942610190551
dsurir -0.7004576122704679 1.8288848984403852 -1378.4382379450612 2.5334052599999994 0.9999859844328753
dsur_hir -0.8723561308723801 3.0253329636407518 -1388.1431629932206 1.8754658499999994 0.9986398977406699