     9.17920     0.00000     0.00312     0.00683     0.01283     0.01765     0.02310
     9.83200     0.00000     0.00213     0.00543     0.00800     0.01073     0.01343
    10.00240     0.00000     0.00127     0.00484     0.00670     0.00984     0.01310
    10.68680     0.00000     0.00177     0.00232     0.00380     0.00430     0.00484
    10.76290     0.00000    -0.00117    -0.00160    -0.00220    -0.00237    -0.00250
    11.61670     0.00000     0.00053     0.00013     0.00116     0.00151     0.00166
    12.78980     0.00000     0.00023     0.00160     0.00248     0.00401     0.00556
    13.59510     0.00000     0.00119     0.00164     0.00257     0.00337     0.00340
    13.69810     0.00000     0.00090     0.00170     0.00190     0.00237     0.00307
    14.36160     0.00000     0.00003     0.00066     0.00036     0.00106     0.00136
    14.48490     0.00000    -0.00067    -0.00007     0.00070     0.00042     0.00120
    15.24470     0.00000    -0.00123    -0.00077    -0.00010     0.00047     0.00030
    16.47630     0.00000    -0.00030     0.00026     0.00033     0.00053     0.00096
    17.21860     0.00000     0.00034     0.00144     0.00237     0.00330     0.00410
    17.36850     0.00000     0.00010     0.00037     0.00077     0.00113     0.00147
    17.96130     0.00000     0.00023     0.00073     0.00096     0.00136     0.00186
    18.11090     0.00000     0.00043     0.00147     0.00267     0.00360     0.00400
    18.85350     0.00000    -0.00037     0.00030     0.00017     0.00023     0.00067
    20.08540     0.00000    -0.00164    -0.00107    -0.00120    -0.00100     0.00023
    20.84500     0.00000    -0.00003     0.00094     0.00110     0.00170     0.00230
    20.96780     0.00000    -0.00033    -0.00017    -0.00060    -0.00053    -0.00053
    21.63320     0.00000     0.00053     0.00130     0.00140     0.00236     0.00306
    21.73490     0.00000     0.00100     0.00197     0.00357     0.00480     0.00620
    22.54040     0.00000     0.00076     0.00180     0.00386     0.00493     0.00476
    23.71280     0.00000     0.00110     0.00087     0.00154     0.00154     0.00164
    24.56710     0.00000    -0.00003    -0.00036    -0.00043     0.00087    -0.00133
    24.64320     0.00000     0.00060     0.00133     0.00273     0.00300     0.00456
    25.32700     0.00000     0.00274     0.00617     0.00934     0.01314     0.01644
    25.49590     0.00000     0.00126     0.00363     0.00573     0.00766     0.01193
    26.15120     0.00000     0.00220     0.00610     0.01073     0.01470     0.01930
