9.1882	6.965966667	6.908966667	6.9509	6.954483333	6.954016667	6.957733333	6.963733333	6.96855	6.974
9.84973	7.057666667	7.0728	7.065766667	7.068033333	7.0679	7.0712	7.073766667	7.0765	7.0792
10.7073	7.038883333	7.0518	7.048933333	7.0508	7.0507	7.05125	7.052733333	7.053233333	7.053766667
11.6168	6.9978	7.009733333	7.011066667	7.0099	7.0116	7.0112	7.012233333	7.012583333	7.012733333
12.8017	7.02955	7.035666667	7.037066667	7.037066667	7.0373	7.038666667	7.03955	7.041083333	7.042633333
13.6966	7.031233333	7.032733333	7.030433333	7.0322	7.031333333	7.032133333	7.032333333	7.0328	7.0335
14.3672	7.0285	7.032533333	7.034766667	7.033033333	7.0348	7.035433333	7.035133333	7.035833333	7.036133333
15.2485	7.02715	7.0343	7.0301	7.027333333	7.028866667	7.029333333	7.03	7.030566667	7.0304
16.4763	7.025866667	7.028766667	7.033466667	7.032766667	7.033166667	7.033733333	7.0338	7.034	7.034433333
17.3685	7.031966667	7.0286	7.0275	7.0274	7.0276	7.027866667	7.028266667	7.028633333	7.028966667
17.9613	7.028716667	7.028066667	7.026966667	7.026933333	7.0272	7.0277	7.027933333	7.028333333	7.028833333
18.8535	7.024983333	7.031833333	7.03	7.029266667	7.029633333	7.0303	7.030166667	7.030233333	7.030666667
20.0811	7.029816667	7.034966667	7.031966667	7.028733333	7.030333333	7.0309	7.030766667	7.030966667	7.0322
20.9626	7.0319	7.035066667	7.0398	7.0376	7.039466667	7.039633333	7.0392	7.039266667	7.039266667
21.6336	7.029016667	7.032233333	7.029866667	7.0312	7.0304	7.031166667	7.031266667	7.032233333	7.032933333
22.5278	7.029966667	7.037766667	7.041366667	7.0417	7.042133333	7.043166667	7.045233333	7.0463	7.046133333
23.7126	7.0022	7.0105	7.015433333	7.0145	7.016533333	7.0163	7.016966667	7.016966667	7.017066667
24.6235	7.039766667	7.052066667	7.048266667	7.0489	7.048866667	7.0496	7.051	7.051266667	7.052833333
25.479	7.0578	7.072833333	7.066666667	7.068233333	7.067933333	7.0703	7.0724	7.074333333	7.0786
26.1416	6.968883333	6.911766667	6.950266667	6.9535	6.952466667	6.956366667	6.961	6.964966667	6.969566667
9.99103	1.97375	1.986833333	1.945433333	1.947283333	1.9467	1.950266667	1.952133333	1.955266667	1.958533333
10.757	1.963633333	1.9645	1.965466667	1.963	1.9643	1.963866667	1.963266667	1.9631	1.962966667
13.5882	1.943283333	1.935266667	1.942933333	1.943233333	1.944116667	1.944566667	1.9455	1.9463	1.946333333
14.4819	1.944383333	1.938866667	1.9378	1.936133333	1.937133333	1.937733333	1.9385	1.938216667	1.939
17.2186	1.942166667	1.939966667	1.941133333	1.941	1.941466667	1.942566667	1.9435	1.944433333	1.945233333
18.1109	1.942066667	1.933666667	1.9376	1.937633333	1.938033333	1.939066667	1.940266667	1.9412	1.9416
20.8477	1.943133333	1.939366667	1.942233333	1.941133333	1.9422	1.943166667	1.943333333	1.943933333	1.944533333
21.7411	1.939933333	1.9313	1.9316	1.9316	1.9326	1.933566667	1.935166667	1.9364	1.9378
24.5726	1.959933333	1.961166667	1.962733333	1.9612	1.9627	1.962366667	1.9623	1.9636	1.9614
25.3382	1.970116667	1.986	1.942533333	1.94595	1.945266667	1.9487	1.951866667	1.955666667	1.958966667