-0.1578 6.90897 6.91108 6.9149 6.91877 6.92217 6.92573
0.4579 7.0728 7.07373 7.0751 7.0768 7.0787 7.07977
0.6774 1.98683 1.98742 1.98912 1.99027 1.9919 1.9936
1.3467 7.0518 7.05237 7.05292 7.05417 7.0549 7.055
1.3934 1.9645 1.96455 1.96478 1.96398 1.96432 1.96503
2.2820 7.00973 7.00953 7.00983 7.01047 7.01 7.0108
3.4502 7.03567 7.03597 7.03693 7.03817 7.03935 7.04065
4.2584 1.93527 1.93643 1.93843 1.94027 1.94163 1.9431
4.3592 7.03273 7.0332 7.0339 7.03498 7.03545 7.03618
5.0260 7.03253 7.03287 7.03352 7.03428 7.03497 7.03567
5.1426 1.93887 1.93917 1.9403 1.9414 1.94327 1.94407
5.9082 7.0343 7.03467 7.03507 7.03483 7.0355 7.0362
7.1400 7.02877 7.02917 7.02983 7.03062 7.03153 7.0326
7.8823 1.93997 1.9407 1.9421 1.9434 1.9449 1.9463
8.0324 7.0286 7.02907 7.02977 7.03057 7.03103 7.03187
8.6250 7.02807 7.02843 7.02927 7.03007 7.03073 7.03153
8.7747 1.93367 1.93443 1.93617 1.9374 1.9391 1.94037
9.5174 7.03183 7.03233 7.0329 7.03367 7.0344 7.03498
10.7496 7.03497 7.03503 7.0355 7.0358 7.0366 7.03663
11.5151 1.93937 1.94003 1.94107 1.94273 1.94443 1.94613
11.6319 7.03507 7.03517 7.03587 7.03617 7.0369 7.03723
12.2992 7.03223 7.03253 7.03347 7.03433 7.03493 7.0357
12.3997 1.9313 1.9324 1.93385 1.93577 1.93683 1.93793
13.2082 7.03777 7.0384 7.0397 7.04063 7.04167 7.0435
14.3762 7.0105 7.01037 7.01045 7.0106 7.01067 7.01147
15.2652 1.96117 1.96127 1.96107 1.96163 1.96107 1.9624
15.3122 7.05207 7.05237 7.05353 7.05407 7.0556 7.0549
15.9809 1.986 1.98687 1.9881 1.99047 1.9922 1.99423
16.2008 7.07283 7.0736 7.07517 7.07668 7.0784 7.08
16.8165 6.91177 6.91353 6.9174 6.92023 6.92343 6.9266

