31.4984 6.9642 6.9655 6.97063 6.97467 6.979 6.9842
0.4905 7.06895 7.07007 7.07347 7.07657 7.07963 7.08313
0.6639 1.9375 1.94013 1.94362 1.9478 1.95087 1.954
1.3494 7.05303 7.05358 7.0546 7.05423 7.05577 7.05643
1.4245 1.95448 1.95482 1.95443 1.9558 1.9552 1.9549
2.2790 7.0172 7.01667 7.01573 7.01557 7.0161 7.01527
3.4516 7.03508 7.03557 7.03623 7.0369 7.03803 7.0393
4.2571 1.9365 1.93668 1.9381 1.9399 1.94113 1.94265
4.3609 7.0309 7.0311 7.0317 7.03277 7.03278 7.03357
5.0233 7.0304 7.03023 7.03155 7.03133 7.03157 7.03183
5.1480 1.9404 1.94107 1.94133 1.94117 1.9422 1.94253
5.9078 7.03483 7.03587 7.03513 7.035 7.03433 7.0343
7.1400 7.02917 7.0292 7.02923 7.02955 7.03007 7.03027
7.8823 1.94 1.94063 1.94133 1.94217 1.94317 1.94393
8.0324 7.0286 7.0287 7.0291 7.0295 7.0296 7.02997
8.6250 7.02773 7.02803 7.02847 7.02877 7.02907 7.0294
8.7747 1.93393 1.93437 1.93567 1.93673 1.93767 1.9383
9.5174 7.03237 7.03227 7.03267 7.03283 7.033 7.03317
10.7498 7.0356 7.03667 7.0367 7.0356 7.03577 7.0356
11.5095 1.93447 1.93588 1.93707 1.9394 1.94043 1.94283
11.6347 7.03477 7.03442 7.0346 7.035 7.03457 7.03473
12.2970 7.03127 7.0311 7.03233 7.03453 7.0348 7.03425
12.4006 1.93327 1.93393 1.93417 1.93267 1.93403 1.93455
13.2065 7.03817 7.0383 7.038 7.0386 7.04 7.0408
14.3787 7.01963 7.0179 7.01793 7.01827 7.01737 7.01797
15.2337 1.9558 1.95643 1.95647 1.95703 1.95747 1.95817
15.3092 7.05098 7.0514 7.05217 7.05233 7.05323 7.05333
15.9939 1.94182 1.94478 1.9487 1.95197 1.95553 1.95953
16.1675 7.06747 7.06827 7.0709 7.0737 7.07617 7.0791
16.8169 6.96137 6.96313 6.96783 6.97303 6.9781 6.9821

