-0.1578 7.30713 7.30667 7.3095 7.31273 7.31627 7.31933
0.4905 7.38053 7.38153 7.38307 7.38425 7.3859 7.38783
0.6639 1.28477 1.2863 1.28957 1.29437 1.29715 1.30047
1.3494 7.36193 7.36262 7.36327 7.36505 7.36593 7.3664
1.4245 1.3147 1.3168 1.31803 1.31825 1.3202 1.3214
2.2790 7.35877 7.35813 7.35805 7.35713 7.3566 7.35687
3.4516 7.33987 7.3408 7.34177 7.34193 7.34257 7.34217
4.2571 1.28723 1.2879 1.28833 1.29043 1.29123 1.2933
4.3609 7.35497 7.3551 7.3559 7.35617 7.35687 7.35703
5.0233 7.3529 7.35347 7.35447 7.3527 7.35307 7.35347
5.1480 1.30417 1.3044 1.3057 1.31017 1.31193 1.3139
5.9078 7.35813 7.35858 7.35883 7.35837 7.3585 7.3591
7.1400 7.34723 7.34697 7.34687 7.347 7.34733 7.34747
7.8823 1.28297 1.2838 1.2851 1.28647 1.28753 1.28847
8.0324 7.3632 7.36347 7.36413 7.36447 7.36507 7.36533
8.6250 7.36067 7.362 7.36273 7.36307 7.36343 7.3641
8.7747 1.28623 1.28577 1.28713 1.2884 1.28957 1.2906
9.5174 7.3491 7.34903 7.34943 7.34943 7.35023 7.3506
10.7498 7.356 7.35643 7.35797 7.36107 7.3619 7.3619
11.5095 1.3021 1.3023 1.3027 1.30433 1.3055 1.30777
11.6347 7.35137 7.35197 7.35303 7.35347 7.35387 7.3541
12.2970 7.3576 7.3576 7.35833 7.35957 7.3598 7.36027
12.4006 1.2877 1.29453 1.2958 1.29627 1.29767 1.2985
13.2065 7.34233 7.34353 7.3439 7.34267 7.34273 7.3434
14.3787 7.36077 7.3544 7.354 7.35333 7.3528 7.3527
15.2337 1.31097 1.31353 1.31547 1.31837 1.3203 1.32163
15.3092 7.36343 7.3639 7.36477 7.36583 7.36683 7.36733
15.9939 1.2813 1.28193 1.2843 1.28743 1.29027 1.2926
16.1675 7.37803 7.379 7.38233 7.38362 7.3861 7.38927
16.8169 7.314 7.31413 7.31523 7.317 7.31953 7.32263

