24.3459 -0.000295272 0.000958262 0.00106057 -0.0012584 0.00102863 0.000724918
24.4213 -0.000292021 0.000959881 0.00105816 -0.00125357 0.00103078 0.000727539
24.4966 -0.000301182 0.000950212 0.00103202 -0.00126695 0.00100875 0.000708028
24.572 -0.000310348 0.00094252 0.000990004 -0.00128866 0.000970473 0.000675635
24.6474 -0.000307948 0.000947417 0.000942445 -0.0013087 0.000926084 0.000639703
24.7228 -0.000298223 0.00095842 0.000887951 -0.00133099 0.000873934 0.000596191
24.7981 -0.000289859 0.000965832 0.000825219 -0.00135884 0.000814033 0.000543575
24.8735 -0.000281779 0.000971624 0.000763288 -0.00138371 0.000757458 0.000493097
24.9489 -0.000271829 0.000979131 0.000706696 -0.00140132 0.000708766 0.000449853
25.0243 -0.000268797 0.000980323 0.000642252 -0.00142496 0.0006528 0.000399242
25.0996 -0.000279063 0.000969823 0.000556851 -0.0014663 0.000575245 0.00032839
25.175 -0.000288 0.000962794 0.000459862 -0.00151394 0.000485664 0.00024836
25.2504 -0.000274701 0.000978512 0.000369416 -0.00155004 0.000401968 0.000176431
25.3258 -0.000243603 0.0010096 0.00028258 -0.00158028 0.00032078 0.000106737
25.4011 -0.000220351 0.00102922 0.000181177 -0.00162512 0.000225408 2.09758e-05
25.4765 -0.000214024 0.00102963 6.57779e-05 -0.00168452 0.000119006 -7.74776e-05
25.5519 -0.000206008 0.00103122 -4.05964e-05 -0.00173588 2.47085e-05 -0.00016511
25.6273 -0.000183135 0.0010483 -0.000127977 -0.00176993 -5.01492e-05 -0.000234528
25.7026 -0.000158346 0.00106905 -0.000215673 -0.00180492 -0.000126651 -0.000305632
25.778 -0.000145444 0.00108011 -0.00032314 -0.001858 -0.000223943 -0.000395761
25.8534 -0.000134775 0.00108883 -0.000444966 -0.00192363 -0.000336689 -0.000499892
25.9288 -0.000111517 0.00110611 -0.00056665 -0.0019901 -0.000451011 -0.000606726
26.0041 -7.96405e-05 0.00112648 -0.000684783 -0.00205607 -0.000561504 -0.000712356
26.0795 -4.68067e-05 0.00114451 -0.000794944 -0.00211671 -0.000659561 -0.00080724
26.1549 -9.92909e-07 0.001175 -0.000877996 -0.00215275 -0.000725075 -0.000870568
26.2303 7.29887e-05 0.00123429 -0.000921428 -0.00215334 -0.000749729 -0.000894975
26.3056 0.000162835 0.00131075 -0.000945021 -0.00213881 -0.000757659 -0.000904841
26.381 0.000238827 0.00137503 -0.000984911 -0.00214305 -0.000785583 -0.000935257
26.4564 0.00029088 0.00141479 -0.00105579 -0.00217905 -0.000847098 -0.000999042
26.5317 0.000337119 0.00144365 -0.00114075 -0.002231 -0.000924185 -0.00107962
26.6071 0.000402438 0.00148443 -0.00120786 -0.00226783 -0.000981014 -0.00114178
26.6825 0.000508969 0.00156208 -0.00122092 -0.00225158 -0.000974829 -0.00114071
26.7579 0.000680234 0.00170424 -0.00114627 -0.00214764 -0.000869727 -0.00103922
26.8332 0.000926616 0.00192298 -0.000975416 -0.00195037 -0.000663426 -0.000837241
26.9086 0.00122042 0.00219066 -0.000745361 -0.00169983 -0.00040156 -0.00058302
26.984 0.00150366 0.00244925 -0.000522294 -0.00146087 -0.000153342 -0.000345109
27.0594 0.00173357 0.00265387 -0.000353783 -0.00127722 3.64748e-05 -0.000165814
27.1347 0.00192666 0.0028165 -0.000223785 -0.00113002 0.000190036 -2.1187e-05
27.2101 0.00217276 0.00302485 -3.34576e-05 -0.00091716 0.000416883 0.000201322
27.2855 0.00261031 0.00342136 0.000374247 -0.000476192 0.000887779 0.00067783
27.3609 0.00335851 0.00413164 0.00113411 0.000330075 0.00174368 0.001552
27.4362 0.00443618 0.00517731 0.00226457 0.0015145 0.00299373 0.00282846
27.5116 0.00573884 0.00645295 0.0036476 0.00295051 0.00450287 0.00436475
27.587 0.00710888 0.00779947 0.00511203 0.00446528 0.00609096 0.00597892
27.6624 0.00845106 0.00912005 0.00655773 0.00596661 0.00766492 0.00758419
27.7377 0.00983527 0.0104828 0.00806192 0.00754589 0.00932464 0.00929262
27.8131 0.0115623 0.0121902 0.00994874 0.00954574 0.0114302 0.0114812
27.8885 0.0141343 0.014753 0.0127559 0.0125228 0.0145583 0.0147448
27.9639 0.0180566 0.0186872 0.0170169 0.0170179 0.0192624 0.0196451
28.0392 0.0235546 0.0242226 0.0229587 0.0232458 0.025756 0.0263872
28.1146 0.0304639 0.0311926 0.0303959 0.0310001 0.0338219 0.034737
28.19 0.0384387 0.0392488 0.0389634 0.0399097 0.0430796 0.04431
28.2654 0.0473409 0.0482558 0.048529 0.049866 0.0534256 0.0550236
28.3407 0.0576002 0.0586535 0.0595658 0.0613956 0.0654144 0.06748
28.4161 0.0704504 0.0716964 0.0733904 0.0758886 0.0804868 0.0831867
28.4915 0.0878987 0.0894208 0.0921125 0.095527 0.100884 0.104451
28.5669 0.112209 0.114116 0.118075 0.12269 0.129031 0.133734
28.6422 0.145042 0.147455 0.152961 0.159041 0.166607 0.172705
28.7176 0.186973 0.190012 0.197321 0.20509 0.214114 0.221833
28.793 0.237995 0.241785 0.251142 0.260821 0.271536 0.281108
28.8684 0.298873 0.303567 0.315264 0.327173 0.339843 0.351586
28.9437 0.372636 0.378452 0.392912 0.407581 0.422571 0.43698
29.0191 0.465642 0.472895 0.49076 0.509012 0.526845 0.544669
29.0945 0.587682 0.596803 0.618973 0.641933 0.66333 0.685578
29.1698 0.750648 0.762174 0.789769 0.818776 0.844642 0.872509
29.2452 0.966168 0.980704 1.01497 1.05145 1.08283 1.1176
29.3206 1.24414 1.26234 1.3046 1.35004 1.38809 1.43109
29.396 1.59441 1.61702 1.66872 1.72485 1.77087 1.82365
29.4713 2.03192 2.05986 2.12279 2.19198 2.24754 2.31215
29.5467 2.58359 2.6181 2.6947 2.7804 2.84754 2.92688
29.6221 3.29414 3.33689 3.43056 3.53769 3.61914 3.71727
29.6975 4.22831 4.28152 4.39669 4.53176 4.63101 4.75323
29.7728 5.46762 5.53395 5.67606 5.8468 5.96814 6.12072
29.8482 7.10364 7.18619 7.36137 7.57626 7.7246 7.91455
29.9236 9.23538 9.33771 9.5527 9.82093 10.0018 10.2369
29.999 11.9803 12.1067 12.3693 12.7016 12.9216 13.2112
30.0743 15.5024 15.6585 15.9785 16.3891 16.6561 17.0129
30.1497 20.0522 20.2457 20.6362 21.145 21.4695 21.9106
30.2251 26.0063 26.2474 26.7258 27.3608 27.7556 28.3047
30.3005 33.8928 34.1944 34.7831 35.5803 36.0615 36.7484
30.3758 44.3961 44.7736 45.4991 46.5023 47.0879 47.9484
30.4512 58.3538 58.8252 59.7176 60.9774 61.6876 62.7622
30.5266 76.7897 77.376 78.4696 80.0459 80.9025 82.2386
30.602 101.032 101.76 103.097 105.067 106.095 107.752
30.6773 132.94 133.845 135.481 137.95 139.181 141.241
30.7527 175.176 176.306 178.317 181.431 182.905 185.479
30.8281 231.373 232.789 235.268 239.214 240.979 244.206
30.9035 305.905 307.67 310.72 315.704 317.805 321.839
30.9788 403.704 405.891 409.626 415.89 418.377 423.395
31.0542 530.141 532.807 537.318 545.059 547.961 554.1
31.1296 687.793 690.914 696.184 705.383 708.662 715.898
31.205 872.707 876.133 881.98 892.3 895.828 903.905
31.2803 1073.42 1076.89 1082.99 1093.82 1097.39 1105.87
31.3557 1273.69 1276.89 1282.88 1293.56 1296.95 1305.37
31.4311 1457.51 1460.17 1465.8 1475.87 1478.91 1486.95
31.5065 1613.93 1615.9 1621.11 1630.42 1633.04 1640.65
31.5818 1739.12 1740.39 1745.26 1754.01 1756.24 1763.61
31.6572 1836.36 1837 1841.81 1850.52 1852.47 1860
0.0753743 1914.07 1914.23 1919.26 1928.43 1930.23 1938.28
0.150749 1981.2 1981.07 1986.39 1996.13 1997.83 2006.37
0.226123 2043.32 2043.07 2048.47 2058.29 2059.86 2068.4
0.301497 2100.99 2100.75 2105.79 2114.76 2116.11 2123.8
0.376871 2150.4 2150.31 2154.47 2161.51 2162.54 2168.48
0.452246 2185.36 2185.51 2188.39 2192.61 2193.27 2196.75
0.52762 2199.29 2199.8 2201.21 2202.07 2202.41 2203.05
0.602994 2187.19 2188.22 2188.22 2185.63 2185.81 2183.59
0.678369 2147.81 2149.57 2148.51 2142.84 2143.13 2138.43
0.753743 2085.44 2088.21 2086.68 2078.76 2079.55 2073.15
0.829117 2010.16 2014.27 2013.14 2004.36 2006.15 1999.21
0.904491 1938.54 1944.34 1944.62 1936.68 1939.97 1933.92
0.979866 1889.36 1896.9 1899.31 1893.69 1898.65 1894.62
1.05524 1875.33 1884.17 1888.72 1886.02 1892.29 1890.66
1.13061 1896.75 1905.97 1911.82 1911.55 1918.29 1918.55
1.20599 1941.25 1949.66 1955.47 1956.37 1962.47 1963.51
1.28136 1989.6 1996.12 2000.51 2001.15 2005.63 2006.28
1.35674 2023.71 2027.58 2029.57 2028.88 2031.08 2030.5
1.43211 2031.17 2031.98 2030.98 2028.29 2027.87 2025.52
1.50749 2005.1 2002.73 1998.51 1993.49 1990.35 1986.01
1.58286 1944.46 1939.09 1931.79 1924.49 1918.83 1912.59
1.65823 1855.08 1847.26 1837.45 1828.38 1820.7 1813.02
1.73361 1750.38 1741.04 1729.75 1719.83 1710.95 1702.62
1.80898 1650.66 1640.97 1629.44 1619.82 1610.69 1602.67
1.88436 1576.88 1567.91 1557.29 1548.97 1540.46 1533.52
1.95973 1541.69 1534.14 1525.17 1518.68 1511.33 1505.88
2.03511 1543.93 1537.99 1530.88 1526.18 1520.19 1516.2
2.11048 1569.65 1565.15 1559.73 1556.45 1551.8 1548.97
2.18585 1598.91 1595.59 1591.64 1589.34 1585.96 1584
2.26123 1613.59 1611.23 1608.56 1606.92 1604.78 1603.44
2.3366 1600.47 1598.89 1597.31 1596.08 1595.09 1594.22
2.41198 1552.07 1551.13 1550.5 1549.53 1549.59 1549.07
2.48735 1467.35 1466.95 1467.13 1466.38 1467.37 1467.15
2.56273 1352.17 1352.26 1353.14 1352.66 1354.41 1354.51
2.6381 1219.36 1219.95 1221.44 1221.39 1223.67 1224.19
2.71347 1087.07 1088.21 1090.25 1090.86 1093.45 1094.53
2.78885 974.856 976.634 979.233 980.791 983.495 985.314
2.86422 898.882 901.4 904.604 907.353 910.071 912.809
2.9396 868.82 872.211 876.133 880.297 883.031 886.865
3.01497 888.29 892.656 897.399 903.093 905.888 910.913
3.09035 955.073 960.354 965.849 972.919 975.762 981.845
3.16572 1061.16 1067.04 1072.95 1080.87 1083.64 1090.34
3.24109 1192.2 1198.15 1203.89 1211.81 1214.28 1220.9
3.31647 1329.39 1334.75 1339.63 1346.57 1348.49 1354.23
3.39184 1453.87 1458.07 1461.46 1466.55 1467.7 1471.86
3.46722 1551 1553.64 1555.12 1557.75 1557.99 1560.1
3.54259 1612.75 1613.66 1613.01 1612.92 1612.16 1612.04
3.61797 1638.25 1637.51 1634.72 1631.96 1630.19 1627.9
3.69334 1633.63 1631.54 1626.82 1621.75 1619.01 1614.89
3.76871 1611.43 1608.49 1602.26 1595.53 1591.95 1586.57
3.84409 1589.72 1586.62 1579.45 1571.96 1567.72 1561.85
3.91946 1589.26 1586.7 1579.22 1571.9 1567.23 1561.65
3.99484 1625.73 1624.17 1616.99 1610.54 1605.72 1600.98
4.07021 1702.47 1702 1695.57 1690.32 1685.67 1681.99
4.14559 1808.88 1809.26 1803.9 1799.8 1795.67 1792.94
4.22096 1925.51 1926.34 1922.26 1919.09 1915.84 1913.79
4.29633 2032.87 2033.83 2031.2 2028.77 2026.7 2025.13
4.37171 2118.22 2119.17 2118.12 2116.3 2115.63 2114.4
4.44708 2176.33 2177.22 2177.77 2176.47 2177.3 2176.34
4.52246 2208.72 2209.64 2211.76 2210.91 2213.25 2212.51
4.59783 2222.27 2223.33 2226.9 2226.45 2230.17 2229.64
4.67321 2225.47 2226.74 2231.44 2231.33 2236.11 2235.76
4.74858 2225.3 2226.74 2232.06 2232.21 2237.54 2237.34
4.82395 2225.29 2226.75 2232.08 2232.4 2237.65 2237.56
4.89933 2224.74 2225.99 2230.76 2231.13 2235.74 2235.7
4.9747 2218.88 2219.67 2223.46 2223.79 2227.4 2227.33
5.05008 2200.09 2200.17 2202.8 2203.02 2205.48 2205.3
5.12545 2160.22 2159.43 2160.88 2160.96 2162.31 2161.98
5.20083 2094.15 2092.46 2092.86 2092.82 2093.18 2092.71
5.2762 2002.86 2000.44 2000.01 1999.93 1999.5 1998.94
5.35157 1894.22 1891.4 1890.47 1890.47 1889.53 1889.01
5.42695 1784.01 1781.3 1780.29 1780.54 1779.41 1779.06
5.50232 1692.35 1690.27 1689.56 1690.18 1689.17 1689.11
5.5777 1635.07 1633.9 1633.71 1634.73 1634.01 1634.28
5.65307 1616.12 1615.79 1616.09 1617.37 1616.98 1617.52
5.72845 1625.61 1625.77 1626.32 1627.63 1627.48 1628.11
5.80382 1644.59 1644.76 1645.27 1646.33 1646.31 1646.84
5.87919 1653.35 1653.13 1653.34 1653.96 1653.96 1654.27
5.95457 1637.12 1636.23 1636 1636.06 1636.02 1636.02
6.02994 1587.14 1585.42 1584.69 1584.14 1584.03 1583.69
6.10532 1501.14 1498.61 1497.38 1496.26 1496.07 1495.4
6.18069 1383.79 1380.57 1378.93 1377.35 1377.09 1376.16
6.25607 1246.52 1242.88 1240.98 1239.11 1238.81 1237.72
6.33144 1106.12 1102.39 1100.44 1098.48 1098.18 1097.04
6.40681 981.333 977.838 976.008 974.167 973.901 972.829
6.48219 888.419 885.371 883.794 882.201 881.992 881.07
6.55756 837.729 835.203 833.92 832.619 832.475 831.727
6.63294 833.613 831.571 830.556 829.521 829.432 828.84
6.70831 876.382 874.739 873.94 873.114 873.065 872.595
6.78369 962.497 961.186 960.556 959.895 959.87 959.492
6.85906 1082.85 1081.81 1081.31 1080.78 1080.76 1080.45
6.93443 1222.14 1221.32 1220.93 1220.49 1220.48 1220.23
7.00981 1361.83 1361.2 1360.9 1360.57 1360.56 1360.36
7.08518 1484.54 1484.08 1483.88 1483.65 1483.66 1483.53
7.16056 1577.67 1577.37 1577.28 1577.17 1577.21 1577.16
7.23593 1635.2 1635.04 1635.07 1635.08 1635.17 1635.21
7.31131 1657.96 1657.92 1658.05 1658.16 1658.32 1658.43
7.38668 1653.44 1653.49 1653.71 1653.9 1654.11 1654.29
7.46205 1635.3 1635.42 1635.69 1635.91 1636.15 1636.36
7.53743 1622.6 1622.74 1623.01 1623.23 1623.46 1623.66
7.6128 1635.46 1635.6 1635.82 1635.99 1636.18 1636.34
7.68818 1686.91 1687.02 1687.16 1687.27 1687.38 1687.48
7.76355 1776.99 1777.05 1777.1 1777.13 1777.17 1777.2
7.83893 1892.91 1892.93 1892.91 1892.88 1892.86 1892.83
7.9143 2015.54 2015.53 2015.47 2015.42 2015.37 2015.33
7.98967 2128 2128 2127.96 2127.94 2127.91 2127.89
8.06505 2220.6 2220.63 2220.66 2220.7 2220.74 2220.78
8.14042 2291.03 2291.09 2291.22 2291.35 2291.49 2291.61
8.2158 2341.62 2341.72 2341.96 2342.17 2342.4 2342.61
8.29117 2374.94 2375.07 2375.39 2375.67 2375.98 2376.25
8.36655 2391.75 2391.9 2392.26 2392.58 2392.93 2393.24
8.44192 2391.72 2391.86 2392.22 2392.54 2392.9 2393.2
8.51729 2374.84 2374.97 2375.28 2375.57 2375.88 2376.14
8.59267 2341.44 2341.54 2341.77 2341.99 2342.22 2342.42
8.66804 2290.76 2290.82 2290.95 2291.08 2291.22 2291.34
8.74342 2220.23 2220.25 2220.28 2220.32 2220.36 2220.4
8.81879 2127.5 2127.5 2127.46 2127.44 2127.41 2127.39
8.89417 2014.94 2014.93 2014.87 2014.83 2014.77 2014.73
8.96954 1892.27 1892.29 1892.27 1892.25 1892.22 1892.2
9.04491 1776.4 1776.46 1776.51 1776.55 1776.58 1776.62
9.12029 1686.45 1686.56 1686.7 1686.82 1686.93 1687.03
9.19566 1635.17 1635.31 1635.53 1635.71 1635.9 1636.06
9.27104 1622.46 1622.6 1622.87 1623.1 1623.33 1623.53
9.34641 1635.24 1635.36 1635.63 1635.85 1636.09 1636.3
9.42179 1653.37 1653.42 1653.64 1653.82 1654.04 1654.21
9.49716 1657.81 1657.77 1657.9 1658 1658.17 1658.27
9.57253 1634.93 1634.77 1634.79 1634.77 1634.88 1634.9
9.64791 1577.26 1576.95 1576.85 1576.71 1576.77 1576.69
9.72328 1484 1483.52 1483.31 1483.04 1483.07 1482.9
9.79866 1361.2 1360.55 1360.23 1359.84 1359.86 1359.62
9.87403 1221.48 1220.64 1220.22 1219.71 1219.73 1219.43
9.94941 1082.24 1081.17 1080.65 1080.01 1080.05 1079.67
10.0248 962.015 960.667 960.012 959.221 959.254 958.795
10.1002 876.084 874.395 873.562 872.575 872.599 872.026
10.1755 833.526 831.423 830.368 829.131 829.134 828.414
10.2509 837.859 835.257 833.923 832.374 832.344 831.436
10.3263 888.759 885.616 883.977 882.083 882.013 880.896
10.4017 981.846 978.241 976.341 974.154 974.047 972.752
10.477 1106.74 1102.89 1100.86 1098.54 1098.41 1097.03
10.5524 1247.15 1243.39 1241.42 1239.19 1239.06 1237.74
10.6278 1384.34 1381.01 1379.31 1377.41 1377.3 1376.18
10.7031 1501.53 1498.9 1497.62 1496.26 1496.18 1495.38
10.7785 1587.31 1585.52 1584.75 1584.05 1584.01 1583.59
10.8539 1637.06 1636.1 1635.86 1635.85 1635.84 1635.83
10.9293 1653.05 1652.77 1652.99 1653.62 1653.6 1653.97
11.0046 1644.09 1644.2 1644.72 1645.86 1645.78 1646.44
11.08 1624.97 1625.05 1625.61 1627.02 1626.81 1627.59
11.1554 1615.43 1614.98 1615.28 1616.65 1616.19 1616.89
11.2308 1634.41 1633.06 1632.86 1633.91 1633.14 1633.57
11.3061 1691.78 1689.48 1688.75 1689.33 1688.3 1688.36
11.3815 1783.57 1780.63 1779.58 1779.72 1778.61 1778.33
11.4569 1893.92 1890.9 1889.93 1889.77 1888.87 1888.37
11.5323 2002.72 2000.15 1999.69 1999.41 1999.06 1998.46
11.6076 2094.17 2092.43 2092.82 2092.54 2093.01 2092.43
11.683 2160.43 2159.68 2161.15 2160.95 2162.44 2161.92
11.7584 2200.5 2200.73 2203.39 2203.28 2205.94 2205.47
11.8338 2219.51 2220.55 2224.39 2224.32 2228.18 2227.72
11.9091 2225.57 2227.16 2231.99 2231.88 2236.8 2236.28
11.9845 2226.26 2228.11 2233.52 2233.29 2238.88 2238.26
12.0599 2226.3 2228.14 2233.55 2233.15 2238.82 2238.08
12.1353 2226.39 2228.02 2232.79 2232.18 2237.27 2236.43
12.2106 2223 2224.34 2227.97 2227.12 2231.09 2230.15
12.286 2209.18 2210.29 2212.46 2211.37 2213.85 2212.84
12.3614 2176.49 2177.48 2178.06 2176.69 2177.55 2176.47
12.4368 2118.06 2119.02 2117.98 2116.28 2115.53 2114.34
12.5121 2032.41 2033.3 2030.68 2028.53 2026.27 2024.88
12.5875 1924.83 1925.5 1921.42 1918.66 1915.13 1913.36
12.6629 1808.06 1808.22 1802.86 1799.21 1794.76 1792.35
12.7383 1701.63 1700.9 1694.47 1689.61 1684.64 1681.27
12.8136 1624.98 1623.13 1615.94 1609.76 1604.66 1600.15
12.889 1588.65 1585.8 1578.31 1571.11 1566.23 1560.77
12.9644 1589.26 1585.9 1578.7 1571.21 1566.83 1560.99
13.0398 1611.08 1607.92 1601.67 1594.88 1591.2 1585.81
13.1151 1633.35 1631.09 1626.37 1621.25 1618.44 1614.29
13.1905 1638 1637.17 1634.38 1631.65 1629.81 1627.54
13.2659 1612.5 1613.4 1612.75 1612.81 1611.97 1611.93
13.3412 1550.74 1553.44 1554.93 1557.84 1557.97 1560.24
13.4166 1453.59 1457.92 1461.33 1466.8 1467.84 1472.21
13.492 1329.1 1334.65 1339.55 1346.94 1348.74 1354.74
13.5674 1191.94 1198.09 1203.85 1212.25 1214.61 1221.5
13.6427 1060.95 1067.03 1072.96 1081.31 1083.99 1090.93
13.7181 954.943 960.388 965.907 973.297 976.095 982.35
13.7935 888.26 892.747 897.51 903.381 906.183 911.281
13.8689 868.9 872.365 876.303 880.483 883.283 887.078
13.9442 899.072 901.62 904.836 907.444 910.287 912.873
14.0196 975.137 976.906 979.516 980.798 983.676 985.248
14.095 1087.4 1088.5 1090.56 1090.8 1093.59 1094.36
14.1704 1219.68 1220.22 1221.73 1221.26 1223.76 1223.95
14.2457 1352.41 1352.45 1353.35 1352.48 1354.42 1354.23
14.3211 1467.46 1467.01 1467.22 1466.14 1467.27 1466.84
14.3965 1552 1551.03 1550.44 1549.23 1549.37 1548.72
14.4719 1600.18 1598.59 1597.08 1595.69 1594.71 1593.83
14.5472 1613.07 1610.71 1608.13 1606.41 1604.2 1602.97
14.6226 1598.15 1594.83 1591.01 1588.67 1585.17 1583.4
14.698 1568.66 1564.16 1558.91 1555.57 1550.75 1548.18
14.7734 1542.73 1536.77 1529.87 1525.05 1518.87 1515.14
14.8487 1540.31 1532.72 1524.01 1517.25 1509.7 1504.49
14.9241 1575.38 1566.33 1556.02 1547.27 1538.58 1531.82
14.9995 1649.16 1639.36 1628.15 1617.96 1608.68 1600.75
15.0749 1749.02 1739.54 1728.56 1718 1708.99 1700.69
15.1502 1853.99 1846.03 1836.49 1826.81 1819.03 1811.32
15.2256 1943.77 1938.26 1931.15 1923.35 1917.64 1911.32
15.301 2004.88 2002.38 1998.26 1992.9 1989.76 1985.31
15.3764 2031.45 2032.14 2031.15 2028.29 2027.93 2025.43
15.4517 2024.49 2028.25 2030.15 2029.45 2031.79 2030.99
15.5271 1990.84 1997.26 2001.48 2002.22 2006.92 2007.29
15.6025 1942.89 1951.18 1956.77 1957.81 1964.22 1964.89
15.6779 1898.66 1907.73 1913.37 1913.17 1920.32 1920.1
15.7532 1877.36 1886.02 1890.37 1887.6 1894.38 1892.15
15.8286 1891.35 1898.66 1900.93 1895.06 1900.58 1895.86
15.904 1940.34 1945.89 1946.08 1937.74 1941.6 1934.81
15.9793 2011.65 2015.54 2014.35 2005.09 2007.42 1999.77
16.0547 2086.57 2089.17 2087.59 2079.23 2080.46 2073.45
16.1301 2148.54 2150.2 2149.08 2143.08 2143.68 2138.56
16.2055 2187.5 2188.53 2188.44 2185.69 2186.02 2183.6
16.2808 2199.2 2199.82 2201.09 2201.97 2202.32 2202.97
16.3562 2184.92 2185.27 2187.96 2192.36 2192.9 2196.6
16.4316 2149.68 2149.85 2153.79 2161.13 2161.94 2168.27
16.507 2100.08 2100.15 2104.94 2114.3 2115.35 2123.55
16.5823 2042.35 2042.42 2047.57 2057.81 2059.05 2068.14
16.6577 1980.28 1980.46 1985.55 1995.7 1997.08 2006.16
16.7331 1913.27 1913.72 1918.55 1928.15 1929.63 1938.19
16.8085 1835.72 1836.6 1841.27 1850.44 1852.1 1860.1
16.8838 1738.65 1740.12 1744.91 1754.2 1756.13 1763.95
16.9592 1613.58 1615.75 1620.92 1630.89 1633.2 1641.27
17.0346 1457.27 1460.1 1465.75 1476.6 1479.31 1487.84
17.11 1273.54 1276.89 1282.94 1294.5 1297.54 1306.47
17.1853 1073.33 1076.95 1083.12 1094.87 1098.09 1107.08
17.2607 872.656 876.214 882.136 893.346 896.545 905.105
17.3361 687.766 690.998 696.339 706.329 709.319 716.981
17.4115 530.128 532.884 537.455 545.849 548.514 555.006
17.4868 403.702 405.958 409.739 416.515 418.816 424.112
17.5622 305.909 307.726 310.81 316.187 318.145 322.394
17.6376 231.381 232.835 235.34 239.583 241.239 244.63
17.713 175.186 176.345 178.373 181.711 183.103 185.802
17.7883 132.951 133.877 135.525 138.162 139.332 141.487
17.8637 101.044 101.787 103.132 105.23 106.211 107.942
17.9391 76.8016 77.3989 78.4975 80.1724 80.9934 82.387
18.0145 58.3657 58.8449 59.74 61.0757 61.7591 62.8788
18.0898 44.4077 44.7905 45.5172 46.5787 47.1444 48.0403
18.1652 33.904 34.209 34.7977 35.6399 36.1062 36.8212
18.2406 26.0168 26.26 26.7377 27.4076 27.7915 28.363
18.316 20.0619 20.2567 20.6459 21.1824 21.4988 21.9581
18.3913 15.5112 15.6681 15.9866 16.4195 16.6807 17.0525
18.4667 11.9882 12.115 12.376 12.7269 12.9427 13.2449
18.5421 9.2424 9.3448 9.55833 9.84224 10.0203 10.2659
18.6174 7.10982 7.19224 7.36607 7.59434 7.741 7.93965
18.6928 5.47303 5.53908 5.67999 5.86215 5.98276 6.14251
18.7682 4.23301 4.28585 4.39994 4.54479 4.64404 4.77213
18.8436 3.29818 3.34055 3.43324 3.54876 3.63069 3.73367
18.9189 2.58703 2.62117 2.69689 2.78981 2.85771 2.94107
18.9943 2.0348 2.06243 2.12457 2.19994 2.25637 2.32436
19.0697 1.59678 1.61914 1.67014 1.73149 1.77838 1.834
19.1451 1.24607 1.26409 1.30573 1.35545 1.39431 1.43967
19.2204 0.967736 0.982136 1.01586 1.05574 1.08783 1.12452
19.2958 0.751926 0.763353 0.790469 0.822078 0.848565 0.877958
19.3712 0.588732 0.59778 0.619522 0.64443 0.666362 0.689811
19.4466 0.466513 0.473713 0.491189 0.510895 0.529189 0.547963
19.5219 0.37336 0.379144 0.393245 0.409017 0.424405 0.439579
19.5973 0.299471 0.304156 0.31552 0.328285 0.341297 0.35367
19.6727 0.238485 0.242286 0.251335 0.261686 0.272693 0.282791
19.7481 0.187369 0.190437 0.197462 0.205751 0.215024 0.223179
19.8234 0.145362 0.147816 0.153059 0.159527 0.167306 0.173754
19.8988 0.112468 0.114423 0.11814 0.123025 0.129551 0.134526
19.9742 0.0881119 0.0896854 0.0921529 0.0957439 0.101263 0.105033
20.0496 0.070627 0.0719272 0.0734127 0.0760204 0.0807592 0.0836078
20.1249 0.0577461 0.0588573 0.0595753 0.0614723 0.065612 0.067787
20.2003 0.0474591 0.0484373 0.0485294 0.0499085 0.0535702 0.0552504
20.2757 0.0385312 0.0394108 0.0389572 0.0399291 0.0431835 0.044476
20.3511 0.0305331 0.0313362 0.0303845 0.0310002 0.033891 0.03485
20.4264 0.0236041 0.024349 0.0229435 0.0232272 0.0257936 0.026449
20.5018 0.0180906 0.0187977 0.0169993 0.0169817 0.0192719 0.0196577
20.5772 0.0141568 0.0148496 0.0127373 0.0124728 0.0145451 0.0147143
20.6526 0.0115755 0.0122749 0.00993035 0.00948794 0.0114009 0.0114178
20.7279 0.00983993 0.0105579 0.00804483 0.00748646 0.00928533 0.00920778
20.8033 0.00844703 0.00918731 0.00654275 0.00590998 0.00762013 0.00748746
20.8787 0.00709595 0.00785976 0.00509946 0.00441313 0.00604292 0.00587566
20.9541 0.0057174 0.00650627 0.00363727 0.0029021 0.00445191 0.00425576
21.0294 0.00440758 0.00522323 0.00225621 0.00146803 0.0029394 0.00271169
21.1048 0.00332474 0.00416996 0.00112764 0.000284192 0.00168578 0.00142516
21.1802 0.00257319 0.00345241 0.000369728 -0.000521538 0.000826887 0.000540603
21.2555 0.0021332 0.00304945 -3.58753e-05 -0.000960819 0.000354237 5.61061e-05
21.3309 0.00188458 0.00283587 -0.000223823 -0.00117024 0.000127221 -0.000170018
21.4063 0.00168841 0.00266931 -0.000351103 -0.00131246 -2.50339e-05 -0.000313585
21.4817 0.00145496 0.0024616 -0.000516813 -0.00149062 -0.000212762 -0.000488792
21.557 0.00116825 0.00219991 -0.000737439 -0.00172491 -0.000459063 -0.000722403
21.6324 0.000871758 0.00192854 -0.000965618 -0.00197237 -0.000719738 -0.000974455
21.7078 0.000624003 0.00170556 -0.001135 -0.00216786 -0.00092544 -0.00117697
21.7832 0.000452616 0.00155908 -0.00120835 -0.00227052 -0.00103009 -0.00128049
21.8585 0.000346536 0.00147758 -0.00119404 -0.00228524 -0.00103558 -0.00128308
21.9339 0.00028146 0.00143388 -0.00112559 -0.00224612 -0.000977491 -0.00122002
22.0093 0.000234855 0.00140326 -0.00103905 -0.00219098 -0.000898386 -0.00113525
22.0847 0.000181911 0.0013626 -0.000966496 -0.00215133 -0.000834305 -0.00106479
22.16 0.000104952 0.00129751 -0.000925242 -0.00214394 -0.000803897 -0.00102739
22.2354 1.47135e-05 0.00121971 -0.000900838 -0.00215653 -0.000794057 -0.00101238
22.3108 -5.85721e-05 0.00115848 -0.000857041 -0.00215513 -0.000768027 -0.000985398
22.3862 -0.000102639 0.00112581 -0.000773854 -0.00211882 -0.00070136 -0.000921222
22.4615 -0.000133288 0.00110585 -0.000663664 -0.00205788 -0.000602132 -0.000825538
22.5369 -0.000163252 0.00108428 -0.000545458 -0.00199115 -0.000490203 -0.000717418
22.6123 -0.000185231 0.00106687 -0.000423478 -0.00192317 -0.000373892 -0.000605352
22.6877 -0.000195193 0.00105889 -0.000301195 -0.00185545 -0.000258639 -0.000493652
22.763 -0.000207581 0.00104874 -0.000193477 -0.00180047 -0.000158835 -0.000395492
22.8384 -0.000231431 0.00102842 -0.000106016 -0.00176454 -8.03111e-05 -0.000317992
22.9138 -0.000252386 0.00101115 -1.92815e-05 -0.00173056 -3.93154e-06 -0.000244706
22.9892 -0.000257503 0.00100901 8.62299e-05 -0.00167981 9.16475e-05 -0.000155122
23.0645 -0.000260579 0.0010081 0.000200622 -0.00162114 0.000199253 -5.51504e-05
23.1399 -0.000280958 0.000988487 0.00030099 -0.00157672 0.00029593 3.33681e-05
23.2153 -0.000309852 0.000958348 0.000387028 -0.0015462 0.000378871 0.000108265
23.2907 -0.000321491 0.000944513 0.000476978 -0.00150911 0.00046488 0.000187732
23.366 -0.000311124 0.000953684 0.000573417 -0.0014604 0.000556884 0.000275967
23.4414 -0.000299169 0.000965819 0.000657823 -0.00141876 0.000636408 0.000353574
23.5168 -0.000299691 0.000965548 0.000720855 -0.00139574 0.000693832 0.000408464
23.5922 -0.000306154 0.000958553 0.000775893 -0.00137925 0.000743788 0.00045401
23.6675 -0.00031033 0.000953244 0.00083623 -0.00135561 0.000801601 0.000506185
23.7429 -0.000315207 0.000946641 0.000897338 -0.0013288 0.000862772 0.000561455
23.8183 -0.000322262 0.000937164 0.000950359 -0.00130697 0.000916477 0.000609805
23.8936 -0.00032264 0.00093463 0.000996764 -0.00128662 0.000962923 0.00065288
23.969 -0.000311701 0.000945018 0.00103773 -0.00126433 0.00100347 0.000693316
24.0444 -0.000300539 0.000956949 0.00106253 -0.00125089 0.00102744 0.000719696
24.1198 -0.000301042 0.000956837 0.00106324 -0.00125647 0.00102674 0.000721584
24.1951 -0.000307383 0.000949608 0.00105282 -0.00126983 0.00101547 0.000711605
24.2705 -0.00030531 0.000950035 0.00105193 -0.00127052 0.0010161 0.000712464
