24.3459 -0.026895 -0.0271709 -0.0273204 -0.0275051 -0.00343671 -0.0314232
24.4213 -0.0267566 -0.0270273 -0.0271816 -0.0273677 -0.00339224 -0.0312285
24.4966 -0.0265559 -0.02682 -0.0269744 -0.0271584 -0.0033529 -0.0309459
24.572 -0.0262779 -0.0265348 -0.0266806 -0.026856 -0.0033138 -0.0305605
24.6474 -0.0259131 -0.0261623 -0.0262905 -0.0264509 -0.00326591 -0.0300632
24.7228 -0.0254709 -0.0257116 -0.0258172 -0.0259584 -0.0032088 -0.0294645
24.7981 -0.0249651 -0.0251953 -0.0252786 -0.0254003 -0.0031393 -0.0287775
24.8735 -0.0243982 -0.0246155 -0.0246805 -0.0247848 -0.00304524 -0.0280035
24.9489 -0.0237712 -0.0239727 -0.0240241 -0.0241135 -0.00292362 -0.0271444
25.0243 -0.0230931 -0.0232768 -0.0233164 -0.0233917 -0.00279192 -0.0262122
25.0996 -0.0223668 -0.0225315 -0.0225562 -0.0226148 -0.00266636 -0.0252123
25.175 -0.021575 -0.0217206 -0.0217226 -0.0217591 -0.00253927 -0.0241283
25.2504 -0.0207008 -0.0208274 -0.0207986 -0.0208071 -0.00239444 -0.0229455
25.3258 -0.0197574 -0.0198649 -0.0198007 -0.0197777 -0.00223503 -0.021679
25.4011 -0.018778 -0.0188656 -0.0187666 -0.0187119 -0.00207569 -0.0203615
25.4765 -0.0177769 -0.0178427 -0.0177135 -0.0176295 -0.00191247 -0.0190053
25.5519 -0.0167407 -0.0167825 -0.0166289 -0.016519 -0.00172495 -0.0175984
25.6273 -0.0156598 -0.0156761 -0.0155016 -0.015368 -0.00150978 -0.016136
25.7026 -0.0145443 -0.0145348 -0.0143382 -0.0141799 -0.00128959 -0.0146318
25.778 -0.0134034 -0.0133686 -0.0131442 -0.0129573 -0.00108315 -0.0130975
25.8534 -0.012231 -0.0121721 -0.011913 -0.0116928 -0.000885868 -0.01153
25.9288 -0.0110246 -0.0109428 -0.0106453 -0.0103894 -0.000685747 -0.00992992
26.0041 -0.00979948 -0.00969516 -0.00936049 -0.00906908 -0.000477674 -0.00831036
26.0795 -0.00856877 -0.0084408 -0.00807396 -0.00774943 -0.000252638 -0.00667959
26.1549 -0.00732593 -0.00717264 -0.00678004 -0.00642591 6.40779e-06 -0.00503136
26.2303 -0.00606322 -0.00588364 -0.00547024 -0.00508976 0.000301609 -0.00336469
26.3056 -0.0047939 -0.00458846 -0.00415517 -0.00374927 0.000605707 -0.00170004
26.381 -0.00354027 -0.00331072 -0.00285392 -0.00242048 0.000884614 -6.42717e-05
26.4564 -0.00230959 -0.00205837 -0.00157277 -0.0011086 0.0011279 0.0015314
26.5317 -0.00109427 -0.000823696 -0.000306284 0.000190358 0.00135251 0.00309302
26.6071 0.000115418 0.000404274 0.000952533 0.00148159 0.00159078 0.00463694
26.6825 0.00133163 0.00163958 0.00221479 0.00277533 0.00188153 0.00618697
26.7579 0.0025688 0.00289778 0.00349489 0.00408529 0.00225337 0.00776159
26.8332 0.00382535 0.00417668 0.00479126 0.00540916 0.00269814 0.00934999
26.9086 0.00507012 0.0054432 0.00607344 0.00671716 0.00316554 0.010907
26.984 0.00625836 0.00665065 0.00729845 0.00796846 0.00359367 0.0123782
27.0594 0.00736225 0.00777026 0.00843976 0.00913813 0.00394901 0.0137324
27.1347 0.00839483 0.00881574 0.00951073 0.0102399 0.00425552 0.0149879
27.2101 0.0094257 0.00985922 0.0105824 0.0113459 0.00461165 0.0162344
27.2855 0.0105696 0.0110191 0.0117733 0.0125773 0.00516834 0.0176153
27.3609 0.0119209 0.012392 0.0131806 0.0140326 0.00604106 0.0192415
27.4362 0.0134726 0.0139706 0.0147969 0.0157026 0.00721477 0.0210964
27.5116 0.0151117 0.015639 0.016506 0.0174687 0.00854712 0.0230414
27.587 0.0167039 0.0172597 0.0181723 0.0191949 0.00987534 0.0249213
27.6624 0.0181894 0.0187718 0.019738 0.0208264 0.0111312 0.0266753
27.7377 0.0196488 0.0202588 0.0212915 0.0224577 0.0124186 0.0284129
27.8131 0.0213561 0.0220011 0.0231212 0.0243876 0.0140665 0.0304696
27.8885 0.0237567 0.0244528 0.0256909 0.0270928 0.0165893 0.0333688
27.9639 0.0272749 0.0280447 0.0294387 0.0310196 0.0204572 0.0375882
28.0392 0.0320473 0.0329141 0.0345029 0.0363053 0.0258043 0.0432649
28.1146 0.0378598 0.038843 0.0406621 0.0427218 0.0323752 0.0501472
28.19 0.0443922 0.0455071 0.0475922 0.0499428 0.0398114 0.0578855
28.2654 0.0515805 0.0528437 0.05524 0.0579251 0.0480562 0.0664408
28.3407 0.0599073 0.061346 0.0641222 0.0672117 0.0576741 0.0764055
28.4161 0.0705898 0.0722517 0.0755138 0.0791198 0.0700382 0.0891932
28.4915 0.0855253 0.0874829 0.0913804 0.0956625 0.087233 0.106935
28.5669 0.106756 0.109103 0.113819 0.118972 0.111446 0.131853
28.6422 0.135654 0.138491 0.144224 0.150452 0.144098 0.165388
28.7176 0.172577 0.176006 0.182955 0.19046 0.185527 0.207884
28.793 0.217533 0.221656 0.230033 0.239027 0.235742 0.259368
28.8684 0.271552 0.276489 0.286552 0.297295 0.295904 0.321043
28.9437 0.338064 0.343979 0.356081 0.368939 0.369772 0.396753
29.0191 0.423815 0.430936 0.445573 0.461066 0.464607 0.493887
29.0945 0.538775 0.547414 0.565239 0.584051 0.59097 0.623151
29.1698 0.694566 0.7051 0.726894 0.749842 0.760963 0.796771
29.2452 0.901979 0.914827 0.941448 0.969416 0.985648 1.02589
29.3206 1.16983 1.18544 1.21779 1.25171 1.27399 1.31953
29.396 1.50727 1.52611 1.5652 1.60608 1.63539 1.68719
29.4713 1.92932 1.95197 1.99901 2.04812 2.08559 2.1448
29.5467 2.46368 2.49088 2.54747 2.6065 2.65354 2.72163
29.6221 3.15599 3.1887 3.25695 3.32814 3.38664 3.46552
29.6975 4.07112 4.11056 4.19313 4.27933 4.35166 4.44374
29.7728 5.28923 5.33683 5.43687 5.54141 5.63039 5.73851
29.8482 6.89918 6.95653 7.0775 7.20408 7.31283 7.44012
29.9236 8.99755 9.06637 9.21207 9.36473 9.49659 9.64648
29.999 11.7022 11.7845 11.9593 12.1428 12.3014 12.4778
30.0743 15.183 15.2811 15.4905 15.7108 15.9007 16.1081
30.1497 19.7023 19.8191 20.0704 20.3356 20.5625 20.8067
30.2251 25.6538 25.7934 26.0961 26.417 26.6879 26.9761
30.3005 33.5865 33.7535 34.1195 34.5095 34.8331 35.1743
30.3758 44.2064 44.4064 44.8495 45.3246 45.7108 46.1149
30.4512 58.3747 58.6135 59.1493 59.7274 60.1869 60.6647
30.5266 77.1447 77.4288 78.0749 78.7771 79.3212 79.8846
30.602 101.892 102.229 103.007 103.859 104.501 105.164
30.6773 134.549 134.948 135.888 136.926 137.681 138.46
30.7527 177.888 178.363 179.502 180.774 181.664 182.581
30.8281 235.677 236.242 237.628 239.194 240.241 241.323
30.9035 312.426 313.096 314.779 316.7 317.928 319.2
30.9788 413.257 414.047 416.08 418.426 419.858 421.348
31.0542 543.629 544.548 546.963 549.781 551.427 553.152
31.1296 705.971 707.001 709.761 713.01 714.84 716.778
31.205 896.03 897.121 900.084 903.599 905.53 907.614
31.2803 1102.06 1103.13 1106.06 1109.57 1111.49 1113.61
31.3557 1307.83 1308.79 1311.44 1314.64 1316.4 1318.47
31.4311 1497.77 1498.55 1500.7 1503.35 1504.87 1506.82
31.5065 1661.49 1662.05 1663.58 1665.53 1666.76 1668.57
31.5818 1795.85 1796.2 1797.08 1798.31 1799.26 1800.97
31.6572 1904.87 1905.03 1905.3 1905.89 1906.61 1908.27
0.0753743 1995.45 1995.44 1995.21 1995.26 1995.78 1997.44
0.150749 2072.6 2072.46 2071.82 2071.45 2071.81 2073.48
0.226123 2137.3 2137.06 2136.14 2135.49 2135.72 2137.38
0.301497 2187.22 2186.91 2185.85 2185.04 2185.18 2186.81
0.376871 2218.74 2218.39 2217.31 2216.46 2216.55 2218.13
0.452246 2228.41 2228.03 2227 2226.18 2226.26 2227.83
0.52762 2213.38 2212.99 2212.04 2211.3 2211.4 2213.09
0.602994 2172.24 2171.83 2170.97 2170.38 2170.57 2172.55
0.678369 2106.97 2106.55 2105.84 2105.51 2105.88 2108.46
0.753743 2025.16 2024.76 2024.28 2024.39 2025.1 2028.62
0.829117 1940.24 1939.9 1939.78 1940.56 1941.79 1946.73
0.904491 1870.73 1870.49 1870.84 1872.55 1874.47 1881.2
0.979866 1833.83 1833.72 1834.61 1837.29 1839.93 1848.44
1.05524 1837.26 1837.29 1838.62 1842.05 1845.21 1854.88
1.13061 1875.02 1875.16 1876.71 1880.41 1883.7 1893.4
1.20599 1930.1 1930.32 1931.82 1935.17 1938.13 1946.55
1.28136 1982.09 1982.35 1983.55 1986.04 1988.27 1994.29
1.35674 2014.33 2014.61 2015.35 2016.62 2017.85 2020.76
1.43211 2015.79 2016.08 2016.28 2016.15 2016.27 2015.72
1.50749 1981.11 1981.42 1981.05 1979.5 1978.49 1974.45
1.58286 1911.02 1911.37 1910.5 1907.65 1905.61 1898.41
1.65823 1813.3 1813.71 1812.47 1808.62 1805.82 1796.19
1.73361 1703.07 1703.57 1702.17 1697.81 1694.64 1683.73
1.80898 1601.54 1602.17 1600.87 1596.54 1593.45 1582.56
1.88436 1529.55 1530.32 1529.31 1525.5 1522.86 1513.1
1.95973 1498.77 1499.65 1499.03 1496.01 1494.02 1485.99
2.03511 1506.75 1507.67 1507.43 1505.22 1503.86 1497.65
2.11048 1538.69 1539.55 1539.57 1538.07 1537.2 1532.57
2.18585 1574.39 1575.11 1575.29 1574.35 1573.84 1570.51
2.26123 1595.62 1596.13 1596.41 1595.93 1595.67 1593.4
2.3366 1588.79 1589.07 1589.4 1589.3 1589.21 1587.79
2.41198 1546.11 1546.15 1546.52 1546.75 1546.77 1546.06
2.48735 1466.22 1466.05 1466.47 1467 1467.13 1467.01
2.56273 1354.8 1354.47 1354.98 1355.79 1356.05 1356.43
2.6381 1224.62 1224.22 1224.88 1225.98 1226.39 1227.24
2.71347 1094.02 1093.65 1094.53 1095.94 1096.57 1097.85
2.78885 982.979 982.734 983.923 985.685 986.605 988.307
2.86422 908.108 908.059 909.647 911.804 913.081 915.221
2.9396 879.573 879.763 881.838 884.461 886.162 888.785
3.01497 901.189 901.624 904.233 907.368 909.523 912.653
3.09035 970.309 970.958 974.038 977.617 980.164 983.714
3.16572 1078.08 1078.87 1082.21 1086.01 1088.76 1092.48
3.24109 1209.35 1210.17 1213.44 1217.11 1219.77 1223.3
3.31647 1344.87 1345.6 1348.4 1351.54 1353.78 1356.7
3.39184 1465.83 1466.37 1468.38 1470.64 1472.19 1474.13
3.46722 1558.08 1558.37 1559.36 1560.52 1561.17 1561.9
3.54259 1614.27 1614.28 1614.16 1614.11 1613.8 1613.17
3.61797 1634.33 1634.07 1632.85 1631.62 1630.35 1628.36
3.69334 1625.2 1624.71 1622.52 1620.24 1618.14 1614.87
3.76871 1600.16 1599.52 1596.61 1593.53 1590.79 1586.45
3.84409 1577.9 1577.2 1573.88 1570.34 1567.25 1562.12
3.91946 1579.16 1578.5 1575.11 1571.47 1568.32 1562.72
3.99484 1618.83 1618.27 1615.1 1611.66 1608.71 1603.01
4.07021 1698.98 1698.53 1695.77 1692.75 1690.16 1684.78
4.14559 1807.86 1807.51 1805.23 1802.76 1800.64 1796.03
4.22096 1925.46 1925.18 1923.41 1921.57 1920 1916.6
4.29633 2032.4 2032.17 2030.96 2029.85 2028.91 2027.13
4.37171 2116.31 2116.13 2115.54 2115.24 2115.02 2115.17
4.44708 2172.24 2172.11 2172.15 2172.74 2173.27 2175.54
4.52246 2202.01 2201.93 2202.62 2204.12 2205.44 2209.93
4.59783 2212.9 2212.87 2214.16 2216.54 2218.61 2225.22
4.67321 2214.02 2214.02 2215.79 2218.87 2221.55 2229.84
4.74858 2212.93 2212.97 2215.01 2218.48 2221.5 2230.65
4.82395 2213.51 2213.57 2215.64 2219.08 2222.1 2231.05
4.89933 2214.9 2214.99 2216.84 2219.84 2222.53 2230.29
4.9747 2211.81 2211.92 2213.38 2215.64 2217.76 2223.62
5.05008 2195.99 2196.11 2197.1 2198.47 2199.91 2203.53
5.12545 2158.88 2159.03 2159.55 2159.98 2160.76 2162.1
5.20083 2095.26 2095.45 2095.56 2095.12 2095.33 2094.55
5.2762 2006.05 2006.32 2006.11 2004.94 2004.76 2002.2
5.35157 1899.02 1899.38 1899.01 1897.34 1896.99 1893.18
5.42695 1789.92 1790.39 1790.03 1788.15 1787.92 1783.54
5.50232 1698.83 1699.42 1699.21 1697.41 1697.53 1693.27
5.5777 1641.57 1642.24 1642.27 1640.77 1641.33 1637.69
5.65307 1622.09 1622.8 1623.05 1621.91 1622.85 1620.04
5.72845 1630.61 1631.27 1631.64 1630.84 1631.94 1629.88
5.80382 1648.25 1648.81 1649.18 1648.62 1649.62 1648.11
5.87919 1655.39 1655.8 1656.09 1655.7 1656.39 1655.26
5.95457 1637.41 1637.65 1637.82 1637.55 1637.82 1636.91
6.02994 1585.69 1585.75 1585.78 1585.59 1585.39 1584.62
6.10532 1498.09 1498.01 1497.91 1497.78 1497.13 1496.42
6.18069 1379.43 1379.22 1379.01 1378.93 1377.92 1377.26
6.25607 1241.26 1240.98 1240.7 1240.65 1239.43 1238.82
6.33144 1100.48 1100.17 1099.88 1099.86 1098.58 1098.05
6.40681 975.8 975.506 975.243 975.251 974.069 973.647
6.48219 883.347 883.1 882.899 882.935 881.955 881.653
6.55756 833.281 833.094 832.967 833.027 832.282 832.095
6.63294 829.786 829.656 829.595 829.673 829.144 829.05
6.70831 873.101 873.017 873.008 873.095 872.742 872.718
6.78369 959.709 959.663 959.691 959.783 959.569 959.594
6.85906 1080.52 1080.5 1080.56 1080.65 1080.54 1080.59
6.93443 1220.24 1220.24 1220.31 1220.41 1220.37 1220.45
7.00981 1360.34 1360.37 1360.46 1360.57 1360.58 1360.68
7.08518 1483.44 1483.49 1483.62 1483.76 1483.81 1483.94
7.16056 1576.92 1577 1577.18 1577.37 1577.48 1577.65
7.23593 1634.72 1634.84 1635.09 1635.35 1635.54 1635.77
7.31131 1657.68 1657.84 1658.17 1658.5 1658.77 1659.07
7.38668 1653.3 1653.49 1653.89 1654.28 1654.64 1654.99
7.46205 1635.27 1635.49 1635.92 1636.34 1636.74 1637.13
7.53743 1622.65 1622.87 1623.3 1623.7 1624.12 1624.49
7.6128 1635.59 1635.79 1636.16 1636.51 1636.88 1637.22
7.68818 1687.11 1687.26 1687.54 1687.82 1688.11 1688.38
7.76355 1777.22 1777.32 1777.51 1777.7 1777.91 1778.1
7.83893 1893.16 1893.22 1893.33 1893.46 1893.59 1893.73
7.9143 2015.77 2015.82 2015.9 2016.01 2016.11 2016.23
7.98967 2128.21 2128.27 2128.39 2128.53 2128.66 2128.8
8.06505 2220.75 2220.86 2221.07 2221.29 2221.51 2221.73
8.14042 2291.1 2291.27 2291.61 2291.94 2292.28 2292.6
8.2158 2341.59 2341.83 2342.3 2342.76 2343.21 2343.64
8.29117 2374.83 2375.12 2375.7 2376.25 2376.81 2377.33
8.36655 2391.59 2391.91 2392.54 2393.15 2393.77 2394.33
8.44192 2391.55 2391.88 2392.51 2393.12 2393.73 2394.3
8.51729 2374.73 2375.02 2375.6 2376.15 2376.71 2377.22
8.59267 2341.42 2341.66 2342.13 2342.58 2343.04 2343.47
8.66804 2290.84 2291.01 2291.35 2291.68 2292.01 2292.33
8.74342 2220.39 2220.49 2220.7 2220.92 2221.13 2221.35
8.81879 2127.72 2127.78 2127.9 2128.03 2128.16 2128.31
8.89417 2015.19 2015.23 2015.32 2015.42 2015.52 2015.63
8.96954 1892.54 1892.59 1892.71 1892.83 1892.96 1893.1
9.04491 1776.64 1776.74 1776.93 1777.13 1777.33 1777.52
9.12029 1686.65 1686.8 1687.09 1687.37 1687.66 1687.93
9.19566 1635.3 1635.5 1635.87 1636.23 1636.61 1636.94
9.27104 1622.5 1622.72 1623.16 1623.57 1623.98 1624.36
9.34641 1635.18 1635.41 1635.85 1636.27 1636.68 1637.06
9.42179 1653.19 1653.39 1653.79 1654.18 1654.54 1654.9
9.49716 1657.46 1657.63 1657.96 1658.3 1658.58 1658.88
9.57253 1634.36 1634.48 1634.73 1635 1635.19 1635.43
9.64791 1576.37 1576.45 1576.63 1576.83 1576.95 1577.13
9.72328 1482.71 1482.76 1482.88 1483.03 1483.09 1483.24
9.79866 1359.46 1359.48 1359.57 1359.69 1359.71 1359.84
9.87403 1219.26 1219.26 1219.32 1219.44 1219.4 1219.52
9.94941 1079.5 1079.49 1079.52 1079.65 1079.55 1079.66
10.0248 958.714 958.671 958.673 958.805 958.607 958.698
10.1002 872.154 872.077 872.031 872.171 871.838 871.896
10.1755 828.885 828.764 828.656 828.801 828.296 828.305
10.2509 832.399 832.225 832.036 832.182 831.465 831.405
10.3263 882.457 882.228 881.95 882.091 881.143 880.996
10.4017 974.902 974.628 974.275 974.404 973.259 973.015
10.477 1099.6 1099.31 1098.92 1099.03 1097.79 1097.45
10.5524 1240.44 1240.18 1239.82 1239.89 1238.7 1238.28
10.6278 1378.73 1378.54 1378.26 1378.27 1377.3 1376.8
10.7031 1497.56 1497.49 1497.33 1497.26 1496.65 1496.06
10.7785 1585.33 1585.4 1585.41 1585.24 1585.06 1584.35
10.8539 1637.24 1637.47 1637.65 1637.35 1637.63 1636.74
10.9293 1655.37 1655.76 1656.1 1655.63 1656.33 1655.16
11.0046 1648.33 1648.86 1649.3 1648.63 1649.62 1648.04
11.08 1630.72 1631.36 1631.81 1630.86 1631.95 1629.78
11.1554 1622.17 1622.85 1623.18 1621.88 1622.81 1619.88
11.2308 1641.53 1642.18 1642.28 1640.61 1641.17 1637.42
11.3061 1698.64 1699.22 1699.07 1697.11 1697.23 1692.87
11.3815 1789.57 1790.03 1789.72 1787.71 1787.48 1783.05
11.4569 1898.52 1898.87 1898.55 1896.79 1896.45 1892.64
11.5323 2005.39 2005.65 2005.5 2004.29 2004.14 2001.65
11.6076 2094.42 2094.6 2094.78 2094.37 2094.63 2094.01
11.683 2157.82 2157.95 2158.58 2159.11 2159.96 2161.56
11.7584 2194.66 2194.75 2195.89 2197.43 2198.97 2202.97
11.8338 2210.15 2210.21 2211.87 2214.38 2216.64 2223.01
11.9091 2212.89 2212.93 2215.02 2218.34 2221.2 2229.6
11.9845 2211.25 2211.26 2213.59 2217.4 2220.62 2230.3
12.0599 2210.61 2210.59 2212.9 2216.76 2219.98 2229.89
12.1353 2211.87 2211.83 2213.84 2217.28 2220.15 2229.14
12.2106 2211.17 2211.09 2212.58 2215.25 2217.47 2224.64
12.286 2200.84 2200.74 2201.57 2203.26 2204.68 2209.55
12.3614 2171.74 2171.59 2171.71 2172.4 2172.96 2175.4
12.4368 2116.48 2116.3 2115.71 2115.42 2115.16 2115.26
12.5121 2033.18 2032.96 2031.69 2030.49 2029.46 2027.43
12.5875 1926.68 1926.43 1924.54 1922.54 1920.84 1917.03
12.6629 1809.25 1808.96 1806.51 1803.84 1801.56 1796.46
12.7383 1700.22 1699.83 1696.89 1693.68 1690.92 1685.04
12.8136 1619.66 1619.16 1615.82 1612.23 1609.11 1602.98
12.889 1579.48 1578.88 1575.34 1571.59 1568.31 1562.38
12.9644 1577.8 1577.15 1573.71 1570.1 1566.91 1561.56
13.0398 1599.87 1599.27 1596.26 1593.14 1590.32 1585.85
13.1151 1624.96 1624.51 1622.24 1619.93 1617.75 1614.38
13.1905 1634.34 1634.11 1632.82 1631.56 1630.23 1628.13
13.2659 1614.66 1614.69 1614.5 1614.41 1614.04 1613.29
13.3412 1558.88 1559.18 1560.12 1561.22 1561.81 1562.38
13.4166 1467 1467.54 1469.5 1471.69 1473.17 1474.93
13.492 1346.25 1346.98 1349.75 1352.82 1355 1357.72
13.5674 1210.76 1211.57 1214.82 1218.43 1221.05 1224.4
13.6427 1079.25 1080.04 1083.39 1087.17 1089.88 1093.5
13.7181 971.038 971.697 974.806 978.418 980.941 984.483
13.7935 901.324 901.779 904.444 907.677 909.824 913.076
13.8689 879.036 879.255 881.415 884.213 885.92 888.811
13.9442 906.9 906.891 908.594 911.003 912.298 914.856
14.0196 981.196 980.998 982.328 984.407 985.357 987.605
14.095 1091.85 1091.53 1092.57 1094.34 1095 1096.91
14.1704 1222.35 1222 1222.81 1224.26 1224.72 1226.19
14.2457 1352.7 1352.41 1353.06 1354.18 1354.48 1355.42
14.3211 1464.53 1464.38 1464.91 1465.66 1465.83 1466.12
14.3965 1544.96 1545 1545.42 1545.78 1545.83 1545.36
14.4719 1588.19 1588.45 1588.79 1588.7 1588.63 1587.27
14.5472 1595.48 1595.95 1596.2 1595.63 1595.39 1592.99
14.6226 1574.53 1575.2 1575.31 1574.19 1573.7 1570.1
14.698 1538.86 1539.66 1539.58 1537.85 1537 1532.02
14.7734 1506.62 1507.47 1507.13 1504.68 1503.34 1496.78
14.8487 1498.04 1498.85 1498.14 1494.9 1492.94 1484.63
14.9241 1528.07 1528.78 1527.7 1523.72 1521.12 1511.18
14.9995 1599.42 1600 1598.65 1594.2 1591.16 1580.21
15.0749 1700.63 1701.09 1699.67 1695.22 1692.11 1681.22
15.1502 1810.96 1811.33 1810.08 1806.18 1803.43 1793.87
15.2256 1909.12 1909.44 1908.57 1905.69 1903.7 1896.57
15.301 1979.85 1980.13 1979.78 1978.23 1977.25 1973.28
15.3764 2015.24 2015.5 2015.73 2015.63 2015.78 2015.29
15.4517 2014.42 2014.67 2015.47 2016.78 2018.07 2021.05
15.5271 1982.63 1982.86 1984.15 1986.73 1989.02 1995.16
15.6025 1930.8 1930.97 1932.6 1936.1 1939.15 1947.78
15.6779 1875.46 1875.55 1877.28 1881.19 1884.62 1894.67
15.7532 1837.01 1836.98 1838.55 1842.29 1845.63 1855.85
15.8286 1832.65 1832.48 1833.65 1836.72 1839.59 1848.85
15.904 1868.67 1868.37 1869.05 1871.18 1873.36 1880.98
15.9793 1937.68 1937.28 1937.47 1938.69 1940.18 1946.05
16.0547 2022.57 2022.12 2021.92 2022.42 2023.36 2027.74
16.1301 2104.79 2104.33 2103.84 2103.81 2104.38 2107.62
16.2055 2170.76 2170.31 2169.61 2169.21 2169.52 2171.94
16.2808 2212.74 2212.32 2211.44 2210.78 2210.94 2212.78
16.3562 2228.61 2228.21 2227.18 2226.32 2226.39 2227.86
16.4316 2219.73 2219.35 2218.2 2217.2 2217.24 2218.46
16.507 2188.84 2188.5 2187.33 2186.29 2186.33 2187.41
16.5823 2139.37 2139.11 2138.04 2137.1 2137.2 2138.2
16.6577 2074.93 2074.77 2073.95 2073.27 2073.49 2074.45
16.7331 1997.91 1997.89 1997.47 1997.2 1997.57 1998.53
16.8085 1907.45 1907.61 1907.7 1907.98 1908.53 1909.51
16.8838 1798.67 1799.05 1799.72 1800.64 1801.43 1802.45
16.9592 1664.71 1665.32 1666.62 1668.24 1669.28 1670.38
17.0346 1501.43 1502.28 1504.18 1506.47 1507.77 1508.97
17.11 1311.83 1312.87 1315.25 1318.08 1319.61 1320.9
17.1853 1106.16 1107.32 1109.98 1113.13 1114.8 1116.15
17.2607 899.929 901.11 903.819 906.994 908.703 910.057
17.3361 709.403 710.515 713.055 716.01 717.646 718.946
17.4115 546.448 547.436 549.673 552.252 553.739 554.941
17.4868 415.46 416.306 418.199 420.36 421.668 422.751
17.5622 314.106 314.819 316.396 318.176 319.309 320.272
17.6376 236.944 237.541 238.848 240.308 241.284 242.132
17.713 178.836 179.335 180.415 181.607 182.443 183.187
17.7883 135.258 135.676 136.571 137.55 138.265 138.914
17.8637 102.427 102.778 103.522 104.33 104.941 105.506
17.9391 77.5495 77.8443 78.4651 79.1332 79.6543 80.1438
18.0145 58.6802 58.9272 59.4439 59.9964 60.4385 60.8607
18.0898 44.4353 44.6416 45.0704 45.5263 45.8995 46.262
18.1652 33.7568 33.9286 34.284 34.6597 34.9737 35.2841
18.2406 25.7806 25.9237 26.2186 26.5288 26.7925 27.058
18.316 19.7974 19.917 20.1624 20.4197 20.6411 20.8683
18.3913 15.2556 15.3557 15.5607 15.7748 15.9607 16.1552
18.4667 11.7584 11.8422 12.0136 12.1923 12.3479 12.5142
18.5421 9.04111 9.11122 9.25426 9.40327 9.53269 9.67487
18.6174 6.93274 6.99109 7.11004 7.23382 7.34069 7.46207
18.6928 5.31467 5.36305 5.46158 5.56401 5.65157 5.75524
18.7682 4.09015 4.13018 4.21165 4.29626 4.36754 4.45633
18.8436 3.17021 3.20337 3.2708 3.34081 3.39853 3.47498
18.9189 2.47448 2.50202 2.558 2.61613 2.6626 2.72886
18.9943 1.93773 1.96066 2.00723 2.05564 2.09268 2.15046
19.0697 1.51398 1.53304 1.57176 1.61209 1.64107 1.69172
19.1451 1.1752 1.19099 1.22306 1.25652 1.27855 1.32317
19.2204 0.906191 0.919185 0.945594 0.973209 0.989252 1.02877
19.2958 0.697758 0.708406 0.730049 0.752729 0.763716 0.798978
19.3712 0.541118 0.549845 0.567567 0.586181 0.593011 0.624796
19.4466 0.425521 0.43271 0.447279 0.462625 0.466113 0.495108
19.5219 0.339344 0.345312 0.357369 0.370114 0.370921 0.397686
19.5973 0.272566 0.277547 0.287579 0.298231 0.296832 0.321794
19.6727 0.218374 0.222536 0.230892 0.239809 0.236531 0.260001
19.7481 0.173279 0.176742 0.183678 0.191119 0.186203 0.208423
19.8234 0.136218 0.139084 0.144812 0.150988 0.144659 0.165834
19.8988 0.107176 0.109548 0.114266 0.119379 0.111884 0.132203
19.9742 0.0858143 0.087793 0.0916991 0.0959518 0.0875579 0.107195
20.0496 0.0707815 0.072461 0.0757359 0.0793197 0.0702775 0.0893851
20.1249 0.0600412 0.0614953 0.0642862 0.0673574 0.0578629 0.0765539
20.2003 0.0516878 0.0529652 0.0553766 0.058045 0.0482225 0.0665664
20.2757 0.0444892 0.0456178 0.0477178 0.050052 0.0399695 0.0579998
20.3511 0.037949 0.0389456 0.0407792 0.0428229 0.0325264 0.0502528
20.4264 0.0321228 0.0330022 0.0346054 0.0363929 0.0259417 0.043359
20.5018 0.0273296 0.028111 0.0295197 0.0310873 0.0205733 0.0376669
20.5772 0.0237897 0.0244962 0.0257492 0.0271393 0.0166823 0.0334314
20.6526 0.0213733 0.0220275 0.0231625 0.0244178 0.014142 0.0305193
20.7279 0.019659 0.0202773 0.0213245 0.0224797 0.0124856 0.028455
20.8033 0.0181999 0.0187902 0.0197702 0.0208471 0.0111975 0.0267147
20.8787 0.0167185 0.017282 0.0182076 0.0192181 0.00994442 0.0249604
20.9541 0.0151303 0.0156652 0.0165445 0.0174944 0.00861821 0.0230808
21.0294 0.0134926 0.013998 0.0148359 0.0157286 0.00728418 0.0211352
21.1048 0.0119396 0.0124174 0.0132172 0.0140561 0.00610495 0.0192784
21.1802 0.010586 0.0110413 0.0118062 0.0125972 0.00522523 0.0176497
21.2555 0.00944074 0.00987936 0.0106128 0.0113631 0.00466296 0.0162666
21.3309 0.00841044 0.00883586 0.00954059 0.0102563 0.00430429 0.0150189
21.4063 0.0073801 0.00779228 0.00847106 0.00915553 0.00399815 0.0137629
21.4817 0.0062795 0.00667577 0.00733235 0.00798799 0.00364465 0.0124089
21.557 0.00509454 0.00547146 0.00610992 0.00673885 0.00321783 0.010938
21.6324 0.00385207 0.00420697 0.00482926 0.00543212 0.0027497 0.00938137
21.7078 0.00259675 0.00292886 0.00353324 0.00410855 0.0023021 0.00779327
21.7832 0.00136045 0.00167096 0.00225304 0.00279849 0.00192656 0.00621903
21.8585 0.000145241 0.000436085 0.000990858 0.00150478 0.00163266 0.00466927
21.9339 -0.00106333 -0.000791215 -0.000267603 0.000213814 0.00139265 0.00312526
22.0093 -0.00227742 -0.00202492 -0.00153339 -0.00108455 0.00116785 0.00156322
22.0847 -0.00350667 -0.00327595 -0.00281351 -0.00239549 0.000925351 -3.29475e-05
22.16 -0.00475894 -0.0045524 -0.00411381 -0.00372337 0.000646938 -0.00166918
22.2354 -0.00602742 -0.00584687 -0.0054285 -0.0050634 0.000341934 -0.00333414
22.3108 -0.00728968 -0.00713571 -0.00673843 -0.00639946 4.43995e-05 -0.0050007
22.3862 -0.00853206 -0.00840379 -0.00803254 -0.00772289 -0.000217552 -0.00664838
22.4615 -0.00976232 -0.00965809 -0.00931928 -0.00904245 -0.000445227 -0.0082787
22.5369 -0.0109874 -0.010906 -0.0106046 -0.0103629 -0.000655169 -0.00989853
22.6123 -0.0121941 -0.0121357 -0.0118729 -0.0116667 -0.00085607 -0.0114996
22.6877 -0.013367 -0.0133326 -0.0131046 -0.0129314 -0.00105318 -0.0130684
22.763 -0.0145082 -0.0144991 -0.0142991 -0.0141543 -0.00125944 -0.0146041
22.8384 -0.0156243 -0.0156411 -0.0154634 -0.0153429 -0.00148047 -0.0161094
22.9138 -0.0167062 -0.0167485 -0.0165919 -0.0164946 -0.00169772 -0.0175725
22.9892 -0.0177431 -0.0178097 -0.0176777 -0.0176057 -0.0018879 -0.0189794
23.0645 -0.0187451 -0.0188336 -0.018732 -0.0186887 -0.00205373 -0.0203357
23.1399 -0.0197257 -0.0198343 -0.0197677 -0.0197554 -0.0022152 -0.021654
23.2153 -0.0206709 -0.0207985 -0.0207676 -0.0207861 -0.00237586 -0.0229221
23.2907 -0.0215469 -0.0216935 -0.0216934 -0.0217395 -0.00252096 -0.0241071
23.366 -0.0223406 -0.0225061 -0.0225288 -0.0225964 -0.00264807 -0.0251932
23.4414 -0.0230689 -0.0232532 -0.0232911 -0.0233747 -0.00277444 -0.0261952
23.5168 -0.0237491 -0.0239512 -0.024001 -0.0240979 -0.00290803 -0.0271288
23.5922 -0.0243778 -0.0245957 -0.0246593 -0.0247704 -0.00303211 -0.0279886
23.6675 -0.0249463 -0.0251773 -0.0252594 -0.0253871 -0.00312867 -0.028763
23.7429 -0.0254542 -0.0256957 -0.0258002 -0.0259466 -0.0032004 -0.0294511
23.8183 -0.025899 -0.0261489 -0.0262763 -0.026441 -0.00325906 -0.0300519
23.8936 -0.0262665 -0.026524 -0.026669 -0.0268481 -0.00330756 -0.0305518
23.969 -0.0265472 -0.0268116 -0.0269654 -0.0271524 -0.00334685 -0.03094
24.0444 -0.0267508 -0.0270215 -0.0271753 -0.0273636 -0.00338696 -0.0312251
24.1198 -0.0268918 -0.0271677 -0.0273169 -0.0275029 -0.00343315 -0.0314218
24.1951 -0.0269687 -0.0272476 -0.0273929 -0.0275765 -0.00346872 -0.0315272
24.2705 -0.0269697 -0.0272486 -0.027394 -0.0275771 -0.00346996 -0.0315275
