0.0753743 -14.24 -14.2087 -14.1451 -14.0827 -14.0215 -13.967
0.150749 -15.2615 -15.2288 -15.1615 -15.0948 -15.0315 -14.9744
0.226123 -16.1213 -16.0871 -16.0158 -15.9446 -15.8779 -15.8184
0.301497 -16.7236 -16.688 -16.6133 -16.5378 -16.4688 -16.4064
0.376871 -17.1634 -17.1269 -17.05 -16.9717 -16.9003 -16.8361
0.452246 -17.4781 -17.4413 -17.3638 -17.2849 -17.2131 -17.1478
0.52762 -17.8129 -17.7764 -17.7001 -17.6227 -17.5508 -17.4868
0.602994 -18.1645 -18.1285 -18.0538 -17.9787 -17.9082 -17.8459
0.678369 -18.524 -18.4881 -18.4142 -18.34 -18.2693 -18.2079
0.753743 -18.7428 -18.7071 -18.634 -18.5615 -18.4927 -18.4356
0.829117 -18.925 -18.8897 -18.8193 -18.7518 -18.6864 -18.6399
0.904491 -19.071 -19.0363 -18.9684 -18.9056 -18.8442 -18.8067
0.979866 -19.2175 -19.1835 -19.118 -19.0589 -18.9997 -18.9676
1.05524 -19.3194 -19.2862 -19.2223 -19.1648 -19.1069 -19.0736
1.13061 -19.4151 -19.3828 -19.3202 -19.2631 -19.2044 -19.1668
1.20599 -19.4382 -19.4068 -19.3448 -19.2868 -19.2272 -19.182
1.28136 -19.3766 -19.3461 -19.2846 -19.2253 -19.1639 -19.1111
1.35674 -19.1397 -19.1098 -19.0487 -18.9878 -18.9253 -18.8645
1.43211 -18.7713 -18.7422 -18.6816 -18.6199 -18.556 -18.4891
1.50749 -18.2647 -18.2362 -18.1758 -18.1127 -18.0479 -17.9736
1.58286 -17.6417 -17.6138 -17.5533 -17.4884 -17.4216 -17.3397
1.65823 -16.8578 -16.8303 -16.7693 -16.7018 -16.633 -16.5417
1.73361 -16.0095 -15.9828 -15.9215 -15.8516 -15.7806 -15.681
1.80898 -15.1681 -15.1422 -15.0809 -15.0094 -14.9374 -14.8318
1.88436 -14.4027 -14.3774 -14.3167 -14.2459 -14.1742 -14.0687
1.95973 -13.7076 -13.6824 -13.6232 -13.5557 -13.4866 -13.3873
2.03511 -13.1061 -13.0805 -13.0234 -12.9613 -12.8957 -12.808
2.11048 -12.5601 -12.534 -12.4788 -12.422 -12.3603 -12.2837
2.18585 -12.0148 -11.9878 -11.9333 -11.8794 -11.8189 -11.7482
2.26123 -11.3869 -11.359 -11.3042 -11.2511 -11.1909 -11.122
2.3366 -10.72 -10.6913 -10.6366 -10.5849 -10.5251 -10.4604
2.41198 -10.057 -10.0272 -9.97208 -9.92077 -9.86106 -9.79812
2.48735 -9.4187 -9.38782 -9.33181 -9.28064 -9.22018 -9.15938
2.56273 -8.71758 -8.68547 -8.62856 -8.57734 -8.51641 -8.45637
2.6381 -7.96624 -7.93287 -7.87508 -7.82385 -7.76199 -7.70375
2.71347 -7.22602 -7.19148 -7.13262 -7.08085 -7.01823 -6.96049
2.78885 -6.54153 -6.50619 -6.44641 -6.39418 -6.33046 -6.27352
2.86422 -6.00187 -5.96661 -5.90758 -5.85641 -5.79348 -5.73825
2.9396 -5.78798 -5.75373 -5.69712 -5.64848 -5.58721 -5.53527
3.01497 -5.98579 -5.95249 -5.89779 -5.85095 -5.79126 -5.74119
3.09035 -6.5363 -6.50323 -6.44865 -6.40195 -6.3418 -6.29233
3.16572 -7.26876 -7.23478 -7.17776 -7.12865 -7.06618 -7.01408
3.24109 -8.0582 -8.02307 -7.96236 -7.90947 -7.84332 -7.78764
3.31647 -8.83549 -8.79893 -8.73382 -8.67637 -8.60649 -8.54613
3.39184 -9.58448 -9.54642 -9.47686 -9.41498 -9.34084 -9.27614
3.46722 -10.3021 -10.2626 -10.1888 -10.1225 -10.0446 -9.9752
3.54259 -11.017 -10.9765 -10.899 -10.8289 -10.7473 -10.6735
3.61797 -11.6942 -11.6526 -11.5716 -11.4975 -11.413 -11.3345
3.69334 -12.3176 -12.2749 -12.1902 -12.1122 -12.0242 -11.9411
3.76871 -12.8623 -12.8185 -12.7299 -12.6475 -12.5564 -12.4673
3.84409 -13.4264 -13.3819 -13.2898 -13.2031 -13.1088 -13.0126
3.91946 -14.0208 -13.9758 -13.8814 -13.7918 -13.6958 -13.5945
3.99484 -14.6795 -14.6345 -14.5397 -14.4495 -14.3532 -14.2503
4.07021 -15.3738 -15.3291 -15.2362 -15.1481 -15.054 -14.9539
4.14559 -16.1298 -16.0858 -15.9966 -15.9124 -15.8217 -15.7275
4.22096 -16.904 -16.8608 -16.7756 -16.6957 -16.6092 -16.522
4.29633 -17.6545 -17.6118 -17.5291 -17.4519 -17.368 -17.2862
4.37171 -18.2678 -18.2252 -18.1442 -18.0687 -17.9873 -17.9098
4.44708 -18.8027 -18.7606 -18.6825 -18.6103 -18.5325 -18.4622
4.52246 -19.3208 -19.2792 -19.204 -19.1357 -19.0625 -19.0011
4.59783 -19.8327 -19.7916 -19.7194 -19.6545 -19.5854 -19.5322
4.67321 -20.2469 -20.2062 -20.1362 -20.0735 -20.0076 -19.9599
4.74858 -20.4734 -20.433 -20.3641 -20.302 -20.2375 -20.1914
4.82395 -20.4136 -20.3735 -20.3047 -20.2415 -20.1775 -20.1296
4.89933 -20.1125 -20.0729 -20.0042 -19.9393 -19.8753 -19.8231
4.9747 -19.6571 -19.6183 -19.5495 -19.4825 -19.4185 -19.3601
5.05008 -19.1604 -19.1224 -19.0533 -18.9842 -18.9197 -18.8541
5.12545 -18.6591 -18.6218 -18.5525 -18.4812 -18.4167 -18.3444
5.20083 -18.132 -18.0953 -18.0257 -17.9526 -17.8878 -17.8105
5.2762 -17.4748 -17.4385 -17.3686 -17.2936 -17.2289 -17.147
5.35157 -16.7563 -16.7207 -16.6508 -16.5737 -16.5093 -16.4224
5.42695 -16.0432 -16.0083 -15.9382 -15.8594 -15.7958 -15.7049
5.50232 -15.361 -15.3266 -15.2566 -15.1768 -15.1137 -15.0205
5.5777 -14.6926 -14.6584 -14.5888 -14.5093 -14.4473 -14.3546
5.65307 -14.0503 -14.0161 -13.9474 -13.8695 -13.8086 -13.7194
5.72845 -13.4328 -13.3985 -13.3311 -13.2557 -13.1965 -13.1127
5.80382 -12.8416 -12.807 -12.7406 -12.6673 -12.609 -12.5297
5.87919 -12.2186 -12.1837 -12.1174 -12.0449 -11.9863 -11.9086
5.95457 -11.5214 -11.4861 -11.4195 -11.3472 -11.2878 -11.2105
6.02994 -10.7784 -10.7428 -10.6759 -10.604 -10.5439 -10.4679
6.10532 -10.0164 -9.98011 -9.91256 -9.84062 -9.77889 -9.70285
6.18069 -9.23638 -9.19942 -9.1311 -9.05916 -8.99584 -8.92015
6.25607 -8.42461 -8.38708 -8.31804 -8.24588 -8.18091 -8.10472
6.33144 -7.56905 -7.53092 -7.46107 -7.38867 -7.32231 -7.24617
6.40681 -6.77644 -6.73774 -6.66698 -6.59407 -6.52627 -6.44974
6.48219 -6.09453 -6.05558 -5.98432 -5.91119 -5.84321 -5.76704
6.55756 -5.6837 -5.64477 -5.57329 -5.49976 -5.43218 -5.35588
6.63294 -5.65311 -5.61436 -5.54297 -5.46944 -5.40312 -5.32774
6.70831 -6.0556 -6.01689 -5.94532 -5.87141 -5.80554 -5.73002
6.78369 -6.71875 -6.67989 -6.60792 -6.53369 -6.46777 -6.39234
6.85906 -7.52988 -7.49088 -7.41852 -7.34376 -7.27765 -7.20164
6.93443 -8.38782 -8.34868 -8.27601 -8.20111 -8.13505 -8.05934
7.00981 -9.23046 -9.19107 -9.11793 -9.04262 -8.97617 -8.90021
7.08518 -10.0263 -9.98676 -9.91318 -9.83743 -9.7708 -9.69458
7.16056 -10.8105 -10.7708 -10.6969 -10.6208 -10.554 -10.4775
7.23593 -11.5552 -11.5154 -11.4411 -11.3645 -11.2975 -11.2206
7.31131 -12.2673 -12.2272 -12.1524 -12.0754 -12.008 -11.9306
7.38668 -12.8938 -12.8534 -12.7781 -12.7006 -12.6327 -12.5549
7.46205 -13.4691 -13.4284 -13.3526 -13.2746 -13.2062 -13.1279
7.53743 -14.0498 -14.0089 -13.9324 -13.8538 -13.7848 -13.7061
7.6128 -14.673 -14.6317 -14.5548 -14.4756 -14.4061 -14.3269
7.68818 -15.3306 -15.2891 -15.2116 -15.1319 -15.0619 -14.9823
7.76355 -16.0307 -15.989 -15.9111 -15.831 -15.7606 -15.6806
7.83893 -16.7717 -16.7297 -16.6514 -16.5709 -16.5001 -16.4198
7.9143 -17.5376 -17.4955 -17.4169 -17.3361 -17.265 -17.1844
7.98967 -18.2341 -18.1919 -18.113 -18.032 -17.9607 -17.8799
8.06505 -18.8579 -18.8157 -18.7367 -18.6556 -18.5842 -18.5033
8.14042 -19.4925 -19.4502 -19.3712 -19.29 -19.2185 -19.1376
8.2158 -20.1183 -20.076 -19.997 -19.9158 -19.8444 -19.7633
8.29117 -20.6456 -20.6033 -20.5244 -20.4432 -20.3717 -20.2907
8.36655 -20.9579 -20.9156 -20.8367 -20.7555 -20.684 -20.603
8.44192 -20.957 -20.9147 -20.8358 -20.7546 -20.6831 -20.6022
8.51729 -20.6429 -20.6006 -20.5217 -20.4405 -20.369 -20.288
8.59267 -20.1146 -20.0723 -19.9934 -19.9122 -19.8407 -19.7598
8.66804 -19.488 -19.4457 -19.3668 -19.2856 -19.2142 -19.1332
8.74342 -18.8532 -18.811 -18.7321 -18.651 -18.5797 -18.4989
8.81879 -18.2286 -18.1865 -18.1077 -18.0267 -17.9555 -17.8747
8.89417 -17.5315 -17.4895 -17.411 -17.3302 -17.2592 -17.1788
8.96954 -16.765 -16.7231 -16.6449 -16.5645 -16.4938 -16.4135
9.04491 -16.0242 -15.9825 -15.9048 -15.8248 -15.7544 -15.6746
9.12029 -15.3237 -15.2823 -15.205 -15.1254 -15.0556 -14.976
9.19566 -14.6663 -14.6252 -14.5484 -14.4693 -14.4 -14.321
9.27104 -14.0429 -14.002 -13.9259 -13.8473 -13.7785 -13.6999
9.34641 -13.4623 -13.4218 -13.3463 -13.2683 -13.2001 -13.1221
9.42179 -12.8865 -12.8463 -12.7713 -12.6938 -12.6262 -12.5486
9.49716 -12.2596 -12.2197 -12.1453 -12.0684 -12.0012 -11.9241
9.57253 -11.5469 -11.5072 -11.4332 -11.3568 -11.2901 -11.2134
9.64791 -10.802 -10.7625 -10.6889 -10.613 -10.5465 -10.4703
9.72328 -10.0172 -9.97781 -9.9046 -9.82905 -9.76276 -9.68687
9.79866 -9.22121 -9.18202 -9.10921 -9.03417 -8.96802 -8.89263
9.87403 -8.37782 -8.33886 -8.26657 -8.19195 -8.12629 -8.05107
9.94941 -7.51963 -7.48085 -7.40884 -7.33442 -7.26868 -7.19341
10.0248 -6.70823 -6.66957 -6.59801 -6.52416 -6.45873 -6.384
10.1002 -6.04579 -6.00733 -5.93613 -5.86265 -5.79724 -5.72263
10.1755 -5.64351 -5.60501 -5.53399 -5.461 -5.39528 -5.32088
10.2509 -5.67459 -5.63598 -5.56474 -5.49191 -5.42491 -5.34995
10.3263 -6.08547 -6.04681 -5.97581 -5.90347 -5.83621 -5.76144
10.4017 -6.76753 -6.72916 -6.65862 -6.58657 -6.51948 -6.44463
10.477 -7.56051 -7.52268 -7.45316 -7.38157 -7.31601 -7.24139
10.5524 -8.41678 -8.37959 -8.31093 -8.2395 -8.17527 -8.10067
10.6278 -9.22891 -9.19224 -9.12447 -9.05315 -8.99066 -8.91633
10.7031 -10.0096 -9.97358 -9.90669 -9.83527 -9.77432 -9.69974
10.7785 -10.7719 -10.7364 -10.6704 -10.5989 -10.5397 -10.4649
10.8539 -11.5154 -11.4804 -11.4147 -11.3427 -11.284 -11.208
10.9293 -12.2126 -12.178 -12.1126 -12.0403 -11.9826 -11.906
11.0046 -12.836 -12.8018 -12.7363 -12.6632 -12.6056 -12.5274
11.08 -13.427 -13.3929 -13.3266 -13.2512 -13.1928 -13.1098
11.1554 -14.0445 -14.0106 -13.943 -13.8649 -13.8048 -13.7164
11.2308 -14.6863 -14.6523 -14.5839 -14.5041 -14.4428 -14.3508
11.3061 -15.3542 -15.3201 -15.2512 -15.1713 -15.109 -15.0166
11.3815 -16.0354 -16.0008 -15.9318 -15.8532 -15.7903 -15.7005
11.4569 -16.7476 -16.7124 -16.6435 -16.5669 -16.5033 -16.4179
11.5323 -17.4649 -17.429 -17.3603 -17.286 -17.2221 -17.142
11.6076 -18.122 -18.0856 -18.0172 -17.945 -17.8811 -17.8059
11.683 -18.6481 -18.6112 -18.5431 -18.4729 -18.4093 -18.3393
11.7584 -19.1475 -19.1098 -19.0421 -18.9745 -18.911 -18.8485
11.8338 -19.642 -19.6035 -19.5362 -19.4711 -19.4083 -19.3534
11.9091 -20.0965 -20.0573 -19.9902 -19.9274 -19.8646 -19.8164
11.9845 -20.398 -20.3582 -20.291 -20.23 -20.1673 -20.1232
12.0599 -20.4599 -20.4199 -20.3524 -20.2924 -20.229 -20.1865
12.1353 -20.2356 -20.1954 -20.1265 -20.0659 -20.0008 -19.9558
12.2106 -19.8239 -19.7834 -19.7121 -19.6489 -19.5803 -19.5292
12.286 -19.3138 -19.2729 -19.1983 -19.1314 -19.0586 -18.9983
12.3614 -18.7978 -18.7565 -18.6785 -18.6074 -18.5298 -18.46
12.4368 -18.2643 -18.2226 -18.1415 -18.0669 -17.9854 -17.9076
12.5121 -17.6534 -17.6116 -17.5285 -17.4519 -17.3677 -17.2851
12.5875 -16.9044 -16.8623 -16.7765 -16.6971 -16.61 -16.5211
12.6629 -16.1312 -16.0884 -15.9984 -15.9145 -15.823 -15.7267
12.7383 -15.3752 -15.3318 -15.2379 -15.1499 -15.055 -14.9523
12.8136 -14.6811 -14.6374 -14.5414 -14.4513 -14.3541 -14.2486
12.889 -14.0218 -13.9781 -13.8825 -13.7931 -13.6962 -13.5922
12.9644 -13.4269 -13.3837 -13.2905 -13.2041 -13.1089 -13.0104
13.0398 -12.862 -12.8195 -12.73 -12.648 -12.5562 -12.4648
13.1151 -12.3179 -12.2765 -12.1908 -12.1133 -12.0246 -11.9396
13.1905 -11.6955 -11.6551 -11.5732 -11.4996 -11.4144 -11.3336
13.2659 -11.019 -10.9797 -10.9014 -10.8318 -10.7495 -10.6736
13.3412 -10.304 -10.2658 -10.1912 -10.1255 -10.047 -9.97552
13.4166 -9.58672 -9.54988 -9.4796 -9.41837 -9.34361 -9.27723
13.492 -8.83783 -8.80242 -8.73674 -8.67994 -8.60957 -8.54745
13.5674 -8.06136 -8.02742 -7.96616 -7.91397 -7.84728 -7.7901
13.6427 -7.27119 -7.23834 -7.18095 -7.13263 -7.06976 -7.01623
13.7181 -6.5377 -6.50581 -6.45096 -6.40527 -6.34476 -6.29448
13.7935 -5.98328 -5.95116 -5.8965 -5.85105 -5.79122 -5.74097
13.8689 -5.78027 -5.74732 -5.69099 -5.64442 -5.5831 -5.53247
13.9442 -5.98849 -5.95454 -5.8961 -5.84751 -5.78476 -5.73179
14.0196 -6.52531 -6.49133 -6.4322 -6.38288 -6.31933 -6.26554
14.095 -7.20837 -7.17511 -7.117 -7.06814 -7.00584 -6.95118
14.1704 -7.94841 -7.91633 -7.85923 -7.81087 -7.7493 -7.69433
14.2457 -8.69968 -8.66877 -8.61254 -8.56396 -8.50343 -8.44612
14.3211 -9.40217 -9.37251 -9.31702 -9.26832 -9.20818 -9.14994
14.3965 -10.0404 -10.0119 -9.95722 -9.90814 -9.84886 -9.78797
14.4719 -10.7031 -10.6755 -10.6213 -10.5719 -10.5125 -10.45
14.5472 -11.3698 -11.343 -11.2886 -11.2375 -11.1778 -11.1107
14.6226 -11.9991 -11.9732 -11.9189 -11.8668 -11.8067 -11.7376
14.698 -12.5448 -12.5197 -12.4647 -12.4094 -12.3482 -12.2725
14.7734 -13.0899 -13.0654 -13.0084 -12.9476 -12.8825 -12.7958
14.8487 -13.6898 -13.6655 -13.6063 -13.54 -13.4714 -13.3726
14.9241 -14.3836 -14.3594 -14.2987 -14.2292 -14.1579 -14.0533
14.9995 -15.148 -15.1232 -15.062 -14.9918 -14.9205 -14.8156
15.0749 -15.9895 -15.964 -15.903 -15.8348 -15.7642 -15.6662
15.1502 -16.8387 -16.8123 -16.7518 -16.6862 -16.6179 -16.5281
15.2256 -17.6257 -17.5989 -17.5389 -17.4761 -17.4095 -17.3294
15.301 -18.2513 -18.224 -18.1641 -18.1029 -18.0385 -17.9654
15.3764 -18.7606 -18.7328 -18.6726 -18.6129 -18.5493 -18.4838
15.4517 -19.1311 -19.1024 -19.0418 -18.9828 -18.9206 -18.8608
15.5271 -19.3713 -19.342 -19.281 -19.2235 -19.1623 -19.1106
15.6025 -19.4345 -19.4043 -19.343 -19.2868 -19.2275 -19.1831
15.6779 -19.4117 -19.3808 -19.3189 -19.264 -19.2056 -19.1697
15.7532 -19.3153 -19.2833 -19.2204 -19.1652 -19.1078 -19.0765
15.8286 -19.2133 -19.1806 -19.1161 -19.0595 -19.0009 -18.9713
15.904 -19.0669 -19.0334 -18.9664 -18.9059 -18.8451 -18.8096
15.9793 -18.9218 -18.888 -18.8181 -18.7527 -18.6875 -18.6429
16.0547 -18.7404 -18.7061 -18.6333 -18.5623 -18.4936 -18.4373
16.1301 -18.5244 -18.4901 -18.4162 -18.343 -18.272 -18.2107
16.2055 -18.1669 -18.1324 -18.0575 -17.9831 -17.9123 -17.8489
16.2808 -17.8153 -17.7804 -17.7037 -17.627 -17.5545 -17.4896
16.3562 -17.4802 -17.4449 -17.367 -17.2885 -17.2162 -17.1493
16.4316 -17.1672 -17.1323 -17.0547 -16.9766 -16.9044 -16.8385
16.507 -16.7307 -16.6966 -16.621 -16.5451 -16.4752 -16.4097
16.5823 -16.1334 -16.1009 -16.0284 -15.9563 -15.8882 -15.825
16.6577 -15.2781 -15.247 -15.1781 -15.1101 -15.0451 -14.9829
16.7331 -14.2596 -14.2303 -14.1648 -14.1008 -14.0377 -13.9779
16.8085 -13.1019 -13.0739 -13.0118 -12.9513 -12.8913 -12.8326
16.8838 -11.9814 -11.9548 -11.8961 -11.839 -11.7808 -11.7248
16.9592 -10.8748 -10.8496 -10.7945 -10.7408 -10.6862 -10.6321
17.0346 -9.82651 -9.80327 -9.75238 -9.70318 -9.651 -9.60036
17.11 -8.66571 -8.64442 -8.59818 -8.55367 -8.5058 -8.45748
17.1853 -7.48201 -7.46288 -7.42106 -7.38128 -7.33595 -7.29075
17.2607 -6.19416 -6.17698 -6.13972 -6.10448 -6.06371 -6.02117
17.3361 -4.96789 -4.95267 -4.91918 -4.88788 -4.84972 -4.81098
17.4115 -3.76162 -3.74765 -3.71696 -3.68809 -3.65398 -3.61802
17.4868 -2.77757 -2.76471 -2.73568 -2.70827 -2.67582 -2.64338
17.5622 -1.93288 -1.92084 -1.89348 -1.86707 -1.83817 -1.80801
17.6376 -1.33597 -1.32528 -1.30009 -1.27574 -1.24861 -1.22197
17.713 -0.755537 -0.746154 -0.72387 -0.702005 -0.678806 -0.654112
17.7883 -0.325964 -0.318136 -0.298531 -0.279452 -0.258244 -0.23757
17.8637 0.113504 0.120004 0.136595 0.153061 0.170131 0.188681
17.9391 0.415487 0.420251 0.433726 0.446773 0.46146 0.474992
18.0145 0.760737 0.764053 0.774292 0.784585 0.794958 0.806773
18.0898 0.983452 0.984868 0.991644 0.997992 1.00563 1.01138
18.1652 1.26356 1.2635 1.26709 1.27102 1.27468 1.2802
18.2406 1.44544 1.44319 1.44274 1.44192 1.44228 1.4403
18.316 1.67072 1.66711 1.6637 1.66099 1.65793 1.65742
18.3913 1.82248 1.81639 1.80826 1.79971 1.79228 1.78146
18.4667 1.98652 1.97902 1.96787 1.95775 1.94721 1.94015
18.5421 2.11812 2.1077 2.09083 2.07333 2.05662 2.03385
18.6174 2.23166 2.21956 2.19912 2.17967 2.15956 2.14241
18.6928 2.36029 2.34563 2.32053 2.29542 2.27191 2.24419
18.7682 2.49257 2.47574 2.44568 2.41628 2.38609 2.35588
18.8436 2.60639 2.58717 2.55312 2.51928 2.48824 2.45439
18.9189 2.75795 2.73736 2.69967 2.66285 2.6256 2.58641
18.9943 2.88229 2.8587 2.81585 2.77275 2.73301 2.69057
19.0697 2.9831 2.95823 2.9119 2.86671 2.82164 2.77716
19.1451 3.08603 3.05834 3.00718 2.9559 2.90871 2.85004
19.2204 3.15444 3.12593 3.07228 3.01925 2.9686 2.91293
19.2958 3.25229 3.22027 3.16079 3.10142 3.05038 2.98441
19.3712 3.34608 3.31398 3.25221 3.19069 3.13371 3.06416
19.4466 3.42193 3.38515 3.31804 3.25298 3.19942 3.12331
19.5219 3.50553 3.46913 3.39763 3.32591 3.26336 3.18262
19.5973 3.61526 3.57863 3.50918 3.43877 3.38012 3.29479
19.6727 3.64495 3.60501 3.52986 3.45511 3.39243 3.29808
19.7481 3.71749 3.67688 3.59872 3.51962 3.46165 3.36026
19.8234 3.7348 3.69175 3.61042 3.53055 3.47621 3.36895
19.8988 3.8313 3.78673 3.70117 3.61486 3.56193 3.4326
19.9742 3.84284 3.79684 3.70846 3.6196 3.56928 3.43632
20.0496 3.91131 3.86449 3.77529 3.6858 3.64297 3.49611
20.1249 3.92744 3.87869 3.78474 3.69021 3.64323 3.49704
20.2003 3.99162 3.94232 3.84747 3.75313 3.70289 3.5528
20.2757 3.99824 3.94742 3.85016 3.753 3.70415 3.55088
20.3511 4.028 3.9754 3.87438 3.77298 3.74081 3.55685
20.4264 4.03764 3.98386 3.8799 3.77544 3.74713 3.55497
20.5018 4.06669 4.01137 3.90482 3.79711 3.78674 3.55235
20.5772 4.07539 4.01744 3.90684 3.79748 3.79068 3.56334
20.6526 4.11466 4.05719 3.94642 3.83427 3.82104 3.59334
20.7279 4.11176 4.05343 3.94009 3.82704 3.8126 3.57443
20.8033 4.15077 4.09149 3.97742 3.86336 3.83625 3.62309
20.8787 4.1346 4.07295 3.95584 3.83896 3.8237 3.58163
20.9541 4.15772 4.09511 3.97408 3.85305 3.84359 3.58964
21.0294 4.1501 4.08568 3.96195 3.83961 3.83935 3.56412
21.1048 4.17968 4.11432 3.98868 3.86061 3.86079 3.57992
21.1802 4.17676 4.10954 3.98002 3.85079 3.85524 3.56339
21.2555 4.20107 4.13337 4.00187 3.87376 3.86893 3.58418
21.3309 4.20233 4.13341 4.00147 3.86854 3.85732 3.5777
21.4063 4.22344 4.15363 4.01835 3.88561 3.86661 3.5967
21.4817 4.22451 4.15296 4.01586 3.87852 3.85754 3.57417
21.557 4.2472 4.17448 4.03376 3.89532 3.8693 3.5879
21.6324 4.25474 4.18011 4.03674 3.89431 3.86531 3.57669
21.7078 4.285 4.20787 4.06081 3.9167 3.87946 3.59523
21.7832 4.32043 4.23642 4.07788 3.92448 3.87609 3.59271
21.8585 4.43422 4.31673 4.13607 3.97314 3.88768 3.61278
21.9339 4.49644 4.42103 4.26782 4.05807 3.88339 3.62202
22.0093 4.52075 4.44157 4.29128 4.14518 3.89357 3.67458
22.0847 4.54863 4.47466 4.30574 4.14924 3.89233 3.80348
22.16 4.55503 4.48104 4.33605 4.19221 3.90833 3.84596
22.2354 4.54861 4.47366 4.32735 4.18152 3.92226 3.85353
22.3108 4.55438 4.47894 4.33105 4.18431 3.97393 3.8891
22.3862 4.54856 4.47224 4.32311 4.17452 4.01958 3.87552
22.4615 4.55377 4.47699 4.32641 4.17696 4.02968 3.8763
22.5369 4.5485 4.47091 4.31919 4.16805 4.02072 3.86389
22.6123 4.55318 4.47517 4.32213 4.17019 4.02116 3.86452
22.6877 4.54844 4.46968 4.31559 4.16212 4.01271 3.85325
22.763 4.55263 4.4735 4.3182 4.164 4.01297 3.85376
22.8384 4.54837 4.46856 4.31233 4.15674 4.00537 3.84358
22.9138 4.5521 4.47196 4.31463 4.15839 4.00556 3.84402
22.9892 4.54832 4.46756 4.3094 4.15192 3.99879 3.83491
23.0645 4.5516 4.47056 4.31142 4.15337 3.99893 3.83531
23.1399 4.54827 4.46668 4.30681 4.14765 3.99297 3.82723
23.2153 4.55113 4.46931 4.30857 4.14892 3.99309 3.82763
23.2907 4.54823 4.46592 4.30456 4.14394 3.98792 3.82056
23.366 4.55069 4.46819 4.30609 4.14505 3.98802 3.82097
23.4414 4.54821 4.46528 4.30266 4.1408 3.98363 3.81489
23.5168 4.55029 4.46722 4.30396 4.14177 3.98373 3.81534
23.5922 4.54821 4.46478 4.30111 4.13822 3.98011 3.81023
23.6675 4.54991 4.46639 4.30219 4.13907 3.98022 3.81073
23.7429 4.54824 4.46441 4.29991 4.13622 3.97736 3.80658
23.8183 4.54956 4.4657 4.30078 4.13695 3.97748 3.80715
23.8936 4.54829 4.46417 4.29907 4.13479 3.97538 3.80395
23.969 4.54925 4.46515 4.29974 4.13541 3.97552 3.8046
24.0444 4.54836 4.46407 4.29858 4.13394 3.97417 3.80234
24.1198 4.54897 4.46474 4.29905 4.13445 3.97434 3.80307
24.1951 4.54846 4.46411 4.29845 4.13367 3.97373 3.80174
24.2705 4.54871 4.46447 4.29873 4.13408 3.97393 3.80257
24.3459 4.54859 4.46428 4.29868 4.13397 3.97407 3.80217
24.4213 4.54849 4.46434 4.29877 4.13428 3.97429 3.8031
24.4966 4.54876 4.4646 4.29927 4.13485 3.97517 3.80363
24.572 4.5483 4.46436 4.29916 4.13507 3.97543 3.80465
24.6474 4.54895 4.46506 4.30022 4.13632 3.97706 3.8061
24.7228 4.54813 4.46451 4.29992 4.13643 3.97733 3.80722
24.7981 4.54917 4.46565 4.30154 4.13836 3.97971 3.8096
24.8735 4.54799 4.46479 4.30102 4.13837 3.98001 3.81081
24.9489 4.54942 4.46639 4.30321 4.14099 3.98315 3.81413
25.0243 4.54787 4.46521 4.30249 4.14088 3.98345 3.81542
25.0996 4.54971 4.46727 4.30524 4.1442 3.98736 3.81967
25.175 4.54777 4.46576 4.3043 4.14396 3.98767 3.82104
25.2504 4.55002 4.46829 4.30763 4.14798 3.99234 3.82624
25.3258 4.54769 4.46644 4.30646 4.14761 3.99265 3.82767
25.4011 4.55036 4.46945 4.31038 4.15235 3.99811 3.83383
25.4765 4.54762 4.46724 4.30896 4.15182 3.9984 3.83531
25.5519 4.55074 4.47074 4.31349 4.15729 4.00465 3.84244
25.6273 4.54756 4.46816 4.31181 4.15659 4.00491 3.84395
25.7026 4.55114 4.47218 4.31696 4.16281 4.01197 3.85206
25.778 4.54751 4.4692 4.31499 4.16192 4.01218 3.85359
25.8534 4.55157 4.47375 4.32078 4.16891 4.02008 3.8627
25.9288 4.54746 4.47035 4.31851 4.1678 4.02019 3.86422
26.0041 4.55202 4.47546 4.32496 4.17558 4.0289 3.87436
26.0795 4.54741 4.4716 4.32235 4.17423 4.02353 3.87583
26.1549 4.55251 4.47731 4.3295 4.18283 3.98521 3.88703
26.2303 4.54734 4.47296 4.32651 4.1812 3.93005 3.85747
26.3056 4.55303 4.4793 4.33439 4.19065 3.91263 3.84497
26.381 4.54724 4.474 4.30888 4.15033 3.89612 3.80961
26.4564 4.51901 4.44022 4.29034 4.1442 3.89618 3.6741
26.5317 4.4951 4.42047 4.26942 4.0627 3.88619 3.62381
26.6071 4.43724 4.31848 4.13656 3.97258 3.88954 3.61239
26.6825 4.32005 4.23678 4.07836 3.92531 3.87864 3.59521
26.7579 4.28331 4.2065 4.06022 3.91613 3.88082 3.5942
26.8332 4.25277 4.17918 4.03628 3.89475 3.86728 3.57991
26.9086 4.24501 4.17281 4.03287 3.89441 3.87034 3.58572
26.984 4.22225 4.15175 4.01485 3.87873 3.8588 3.57693
27.0594 4.22103 4.15175 4.01738 3.88416 3.86675 3.59172
27.1347 4.20171 4.13391 4.00153 3.86995 3.85922 3.5831
27.2101 4.19799 4.13047 3.99987 3.8704 3.86914 3.58223
27.2855 4.17372 4.10797 3.97996 3.85147 3.85615 3.56189
27.3609 4.17485 4.11019 3.98446 3.85883 3.86074 3.57956
27.4362 4.15168 4.08827 3.96488 3.84208 3.84027 3.56877
27.5116 4.15379 4.09185 3.97162 3.85134 3.84321 3.58747
27.587 4.13155 4.07144 3.95455 3.83808 3.82448 3.58589
27.6624 4.14445 4.08574 3.97169 3.85896 3.83474 3.61484
27.7377 4.11585 4.0575 3.9436 3.83048 3.81341 3.57696
27.8131 4.10869 4.05259 3.94335 3.83297 3.82095 3.59368
27.8885 4.07317 4.0168 3.90714 3.79735 3.7886 3.56246
27.9639 4.06539 4.01065 3.90439 3.79738 3.78738 3.56018
28.0392 4.0313 3.97812 3.8731 3.76878 3.74549 3.54589
28.1146 4.02579 3.97443 3.87479 3.77465 3.74069 3.56057
28.19 3.99421 3.94433 3.84622 3.74864 3.70259 3.54603
28.2654 3.99094 3.94241 3.84836 3.75416 3.70265 3.55621
28.3407 3.92519 3.87743 3.7837 3.69061 3.64211 3.4973
28.4161 3.90968 3.86377 3.77458 3.68542 3.6418 3.49339
28.4915 3.8382 3.7928 3.70409 3.61587 3.56688 3.43598
28.5669 3.82908 3.78673 3.70389 3.61959 3.56589 3.44003
28.6422 3.73384 3.69129 3.60914 3.53067 3.47619 3.36533
28.7176 3.71477 3.67478 3.59548 3.51441 3.45601 3.35604
28.793 3.64501 3.60692 3.53379 3.46234 3.40096 3.30682
28.8684 3.60689 3.57013 3.49761 3.42741 3.36759 3.28272
28.9437 3.50541 3.47016 3.40034 3.32925 3.26855 3.1893
29.0191 3.42516 3.39037 3.32294 3.25667 3.20032 3.12257
29.0945 3.33921 3.3072 3.24488 3.18262 3.12573 3.05516
29.1698 3.25108 3.22071 3.16125 3.10397 3.05236 2.98787
29.2452 3.15235 3.12434 3.07019 3.01652 2.96494 2.90692
29.3206 3.08042 3.0538 3.00189 2.95221 2.90613 2.85192
29.396 2.9801 2.95645 2.91085 2.8663 2.82105 2.77411
29.4713 2.88196 2.85976 2.81689 2.77484 2.73426 2.69101
29.5467 2.75568 2.73595 2.69797 2.6614 2.62419 2.58546
29.6221 2.60487 2.58701 2.55262 2.51944 2.48788 2.45384
29.6975 2.49144 2.47561 2.44542 2.4163 2.38565 2.35452
29.7728 2.35955 2.34614 2.32057 2.29619 2.27234 2.24517
29.8482 2.22788 2.21684 2.19632 2.1773 2.15683 2.13884
29.9236 2.11642 2.10733 2.0902 2.07362 2.05661 2.03486
29.999 1.98399 1.97761 1.96627 1.95648 1.94551 1.93739
30.0743 1.82176 1.81702 1.80852 1.80073 1.79283 1.78224
30.1497 1.66887 1.66645 1.66282 1.66047 1.65703 1.65557
30.2251 1.44532 1.44446 1.44357 1.44338 1.44316 1.44111
30.3005 1.26254 1.26374 1.26707 1.27137 1.27464 1.2792
30.3758 0.983747 0.986597 0.992898 0.999815 1.00684 1.01235
30.4512 0.760742 0.765383 0.775292 0.78593 0.795856 0.806604
30.5266 0.416782 0.423043 0.43596 0.449461 0.463445 0.476477
30.602 0.115232 0.123135 0.139266 0.155942 0.17245 0.189602
30.6773 -0.322753 -0.313349 -0.294443 -0.275098 -0.254725 -0.23499
30.7527 -0.751213 -0.74033 -0.71869 -0.696825 -0.674353 -0.651534
30.8281 -1.33009 -1.31774 -1.29342 -1.26905 -1.24293 -1.21776
30.9035 -1.9249 -1.91123 -1.88475 -1.85862 -1.83067 -1.80307
30.9788 -2.76532 -2.7506 -2.72285 -2.69594 -2.66486 -2.63513
31.0542 -3.74617 -3.73035 -3.70107 -3.67314 -3.64042 -3.60841
31.1296 -4.94969 -4.93245 -4.90068 -4.87045 -4.83403 -4.79918
31.205 -6.17566 -6.15655 -6.12097 -6.087 -6.04785 -6.00988
31.2803 -7.4636 -7.44245 -7.40242 -7.36381 -7.32027 -7.27912
31.3557 -8.64869 -8.62552 -8.58088 -8.53757 -8.49127 -8.44737
31.4311 -9.81053 -9.78534 -9.73609 -9.6879 -9.63738 -9.59051
31.5065 -10.8593 -10.8323 -10.7788 -10.7262 -10.673 -10.6233
31.5818 -11.9635 -11.935 -11.878 -11.8222 -11.7657 -11.7144
31.6572 -13.0824 -13.0525 -12.9923 -12.9334 -12.8751 -12.8221
