0.0753743 -19.3126 -19.274 -19.2131 -19.186 -19.0992 -19.0574
0.150749 -20.3376 -20.29 -20.2213 -20.1871 -20.0873 -20.0351
0.226123 -21.1997 -21.1562 -21.085 -21.04 -20.9445 -20.8865
0.301497 -21.8827 -21.8308 -21.7463 -21.6831 -21.5735 -21.4968
0.376871 -22.3564 -22.3106 -22.2226 -22.1463 -22.0418 -21.9578
0.452246 -22.7388 -22.6882 -22.5911 -22.5035 -22.3883 -22.2913
0.52762 -23.0807 -23.0403 -22.9465 -22.8568 -22.7516 -22.656
0.602994 -23.4809 -23.4392 -23.3424 -23.2494 -23.1381 -23.036
0.678369 -23.8567 -23.825 -23.7316 -23.6345 -23.5338 -23.4315
0.753743 -24.1478 -24.114 -24.0163 -23.9108 -23.8054 -23.6936
0.829117 -24.345 -24.3279 -24.2413 -24.1366 -24.049 -23.9419
0.904491 -24.5442 -24.5305 -24.446 -24.3385 -24.2506 -24.1385
0.979866 -24.6758 -24.6753 -24.6002 -24.4948 -24.4221 -24.3156
1.05524 -24.7755 -24.7694 -24.6921 -24.5868 -24.508 -24.3991
1.13061 -24.7867 -24.7842 -24.7129 -24.6156 -24.5467 -24.4482
1.20599 -24.7593 -24.7442 -24.6691 -24.5777 -24.4994 -24.4028
1.28136 -24.6383 -24.6229 -24.5518 -24.4679 -24.397 -24.3095
1.35674 -24.4476 -24.4182 -24.3377 -24.2496 -24.1665 -24.0721
1.43211 -24.0858 -24.0557 -23.9741 -23.8841 -23.8066 -23.7142
1.50749 -23.635 -23.5908 -23.4991 -23.404 -23.3137 -23.2139
1.58286 -23.038 -22.9918 -22.8968 -22.7974 -22.7106 -22.6103
1.65823 -22.3299 -22.2676 -22.1587 -22.0503 -21.9478 -21.8367
1.73361 -21.521 -21.4556 -21.341 -21.2276 -21.1257 -21.0135
1.80898 -20.7546 -20.6748 -20.5477 -20.4282 -20.3108 -20.1903
1.88436 -20.005 -19.9284 -19.8025 -19.6842 -19.5734 -19.457
1.95973 -19.3414 -19.2604 -19.1339 -19.0182 -18.9022 -18.7853
2.03511 -18.712 -18.6446 -18.5315 -18.425 -18.326 -18.2201
2.11048 -18.1639 -18.0988 -17.9923 -17.8925 -17.7942 -17.6909
2.18585 -17.5883 -17.5348 -17.4383 -17.343 -17.2584 -17.1615
2.26123 -16.9741 -16.9153 -16.816 -16.7189 -16.6275 -16.5263
2.3366 -16.2671 -16.2174 -16.1254 -16.0317 -15.9514 -15.8562
2.41198 -15.5896 -15.5365 -15.4427 -15.3499 -15.2621 -15.1645
2.48735 -14.8961 -14.8517 -14.7643 -14.6749 -14.5965 -14.5045
2.56273 -14.206 -14.1562 -14.065 -13.9729 -13.8864 -13.7893
2.6381 -13.4089 -13.3676 -13.282 -13.1925 -13.1154 -13.0235
2.71347 -12.6628 -12.6176 -12.5283 -12.4376 -12.3509 -12.2546
2.78885 -11.9332 -11.8966 -11.8117 -11.7245 -11.6449 -11.5545
2.86422 -11.4013 -11.3618 -11.274 -11.1892 -11.0993 -11.0074
2.9396 -11.1393 -11.1131 -11.0338 -10.9613 -10.8784 -10.799
3.01497 -11.3424 -11.3158 -11.2351 -11.1688 -11.0747 -10.9963
3.09035 -11.8583 -11.8415 -11.7653 -11.7051 -11.6164 -11.5452
3.16572 -12.6144 -12.5902 -12.5053 -12.4399 -12.338 -12.2587
3.24109 -13.3895 -13.3685 -13.2815 -13.2121 -13.1137 -13.0335
3.31647 -14.2085 -14.1755 -14.0762 -13.9952 -13.8831 -13.7902
3.39184 -14.9476 -14.9164 -14.8141 -14.7269 -14.6183 -14.5227
3.46722 -15.7061 -15.6635 -15.5485 -15.4506 -15.3277 -15.2203
3.54259 -16.4079 -16.3678 -16.251 -16.1484 -16.0297 -15.9209
3.61797 -17.1223 -17.0715 -16.9434 -16.8308 -16.6992 -16.5793
3.69334 -17.7338 -17.6849 -17.5556 -17.4373 -17.3108 -17.1889
3.76871 -18.3131 -18.2538 -18.1128 -17.9839 -17.8443 -17.7112
3.84409 -18.8548 -18.8005 -18.6579 -18.5248 -18.3892 -18.2559
3.91946 -19.4721 -19.4104 -19.2588 -19.119 -18.9714 -18.8305
3.99484 -20.0977 -20.044 -19.8973 -19.7599 -19.6203 -19.4845
4.07021 -20.8023 -20.7448 -20.5982 -20.4627 -20.3169 -20.18
4.14559 -21.5145 -21.4682 -21.3353 -21.2102 -21.078 -20.9518
4.22096 -22.2966 -22.2476 -22.1197 -22 -21.8651 -21.7401
4.29633 -23.0169 -22.9759 -22.86 -22.7464 -22.6254 -22.5073
4.37171 -23.654 -23.6053 -23.4895 -23.3749 -23.2495 -23.1277
4.44708 -24.1644 -24.1248 -24.0212 -23.9122 -23.8016 -23.6869
4.52246 -24.7118 -24.6681 -24.5673 -24.4585 -24.3458 -24.2286
4.59783 -25.206 -25.171 -25.0821 -24.9783 -24.8807 -24.7699
4.67321 -25.6514 -25.6084 -25.5198 -25.4148 -25.3137 -25.199
4.74858 -25.86 -25.8197 -25.7386 -25.6362 -25.547 -25.4365
4.82395 -25.8276 -25.7747 -25.6888 -25.583 -25.4865 -25.3703
4.89933 -25.5001 -25.4497 -25.3677 -25.2646 -25.1765 -25.065
4.9747 -25.0611 -25.0017 -24.9128 -24.8081 -24.7096 -24.5944
5.05008 -24.5317 -24.4782 -24.3913 -24.2903 -24.1975 -24.0885
5.12545 -24.0462 -23.9853 -23.8905 -23.7883 -23.6839 -23.5718
5.20083 -23.4941 -23.4375 -23.345 -23.2457 -23.148 -23.0409
5.2762 -22.8608 -22.7938 -22.6941 -22.5924 -22.4844 -22.3727
5.35157 -22.1155 -22.0539 -21.9571 -21.8593 -21.7578 -21.6515
5.42695 -21.4235 -21.3544 -21.2512 -21.1523 -21.0403 -20.9301
5.50232 -20.7191 -20.6563 -20.5567 -20.4614 -20.3567 -20.2517
5.5777 -20.0802 -20.0106 -19.9057 -19.8084 -19.6949 -19.5859
5.65307 -19.4256 -19.3636 -19.2637 -19.169 -19.0653 -18.9614
5.72845 -18.8444 -18.7769 -18.6732 -18.5759 -18.4654 -18.3576
5.80382 -18.243 -18.1827 -18.084 -17.9885 -17.888 -17.7848
5.87919 -17.6517 -17.5831 -17.4782 -17.3787 -17.2696 -17.1612
5.95457 -16.9385 -16.8746 -16.7727 -16.6739 -16.5729 -16.468
6.02994 -16.2236 -16.1517 -16.0437 -15.9409 -15.831 -15.7207
6.10532 -15.4417 -15.3748 -15.2696 -15.1672 -15.0648 -14.9575
6.18069 -14.6858 -14.6103 -14.4984 -14.3914 -14.2793 -14.1661
6.25607 -13.8549 -13.7838 -13.6742 -13.5674 -13.4627 -13.3524
6.33144 -13.0256 -12.9462 -12.8298 -12.7183 -12.604 -12.4879
6.40681 -12.2085 -12.1354 -12.0225 -11.9121 -11.8052 -11.6924
6.48219 -11.5462 -11.4682 -11.3505 -11.2375 -11.1212 -11.0037
6.55756 -11.106 -11.038 -10.926 -10.8166 -10.7082 -10.5954
6.63294 -11.0915 -11.021 -10.9059 -10.7957 -10.6786 -10.5623
6.70831 -11.4649 -11.4042 -11.2948 -11.1882 -11.0791 -10.9675
6.78369 -12.1471 -12.0807 -11.9665 -11.8574 -11.7391 -11.623
6.85906 -12.9324 -12.8739 -12.7645 -12.6581 -12.5477 -12.4358
6.93443 -13.8104 -13.7464 -13.6323 -13.5238 -13.4044 -13.2882
7.00981 -14.6288 -14.5723 -14.463 -14.357 -14.2456 -14.1336
7.08518 -15.4463 -15.3836 -15.2693 -15.1607 -15.0402 -14.9236
7.16056 -16.2058 -16.1509 -16.0415 -15.9356 -15.8234 -15.7111
7.23593 -16.9718 -16.9103 -16.7957 -16.6872 -16.5659 -16.4491
7.31131 -17.6601 -17.6057 -17.4958 -17.3897 -17.2765 -17.1638
7.38668 -18.3084 -18.2469 -18.1316 -18.0227 -17.9004 -17.7829
7.46205 -18.8613 -18.8066 -18.6957 -18.5889 -18.4746 -18.3611
7.53743 -19.4644 -19.4024 -19.286 -19.1761 -19.0526 -18.9343
7.6128 -20.0656 -20.0103 -19.8983 -19.7905 -19.6751 -19.5606
7.68818 -20.7456 -20.6831 -20.5655 -20.4547 -20.3302 -20.211
7.76355 -21.424 -21.3682 -21.2552 -21.1465 -21.0302 -20.915
7.83893 -22.1873 -22.1243 -22.0059 -21.8943 -21.769 -21.6491
7.9143 -22.9315 -22.8752 -22.7615 -22.6521 -22.5352 -22.4193
7.98967 -23.6502 -23.5869 -23.468 -23.3559 -23.2301 -23.1097
8.06505 -24.2524 -24.1959 -24.0818 -23.9721 -23.8548 -23.7387
8.14042 -24.9091 -24.8457 -24.7266 -24.6143 -24.4884 -24.3679
8.2158 -25.5132 -25.4567 -25.3425 -25.2328 -25.1154 -24.9992
8.29117 -26.0626 -25.9994 -25.8802 -25.7679 -25.642 -25.5214
8.36655 -26.3532 -26.2968 -26.1826 -26.0728 -25.9555 -25.8392
8.44192 -26.3742 -26.311 -26.1919 -26.0796 -25.9536 -25.8331
8.51729 -26.0382 -25.9817 -25.8675 -25.7577 -25.6404 -25.5241
8.59267 -25.5315 -25.4682 -25.3491 -25.2368 -25.1109 -24.9903
8.66804 -24.8829 -24.8264 -24.7122 -24.6024 -24.4851 -24.3688
8.74342 -24.2698 -24.2066 -24.0875 -23.9753 -23.8495 -23.729
8.81879 -23.6233 -23.5668 -23.4528 -23.3432 -23.2261 -23.11
8.89417 -22.9477 -22.8846 -22.7659 -22.6541 -22.5286 -22.4085
8.96954 -22.1593 -22.1031 -21.9896 -21.8805 -21.7639 -21.6483
9.04491 -21.4399 -21.3772 -21.2593 -21.1481 -21.0233 -20.9038
9.12029 -20.7176 -20.6619 -20.5493 -20.441 -20.3251 -20.2102
9.19566 -20.0815 -20.0194 -19.9024 -19.7921 -19.6683 -19.5495
9.27104 -19.4364 -19.3813 -19.2697 -19.1624 -19.0476 -18.9336
9.34641 -18.8772 -18.8157 -18.7 -18.5907 -18.468 -18.3501
9.42179 -18.2803 -18.2256 -18.1152 -18.0088 -17.8952 -17.782
9.49716 -17.6755 -17.6142 -17.4995 -17.3909 -17.2693 -17.1523
9.57253 -16.943 -16.8883 -16.7787 -16.6726 -16.5601 -16.4474
9.64791 -16.221 -16.1592 -16.0449 -15.9364 -15.8158 -15.6991
9.72328 -15.4175 -15.3616 -15.2522 -15.1458 -15.0342 -14.9217
9.79866 -14.6441 -14.5807 -14.4665 -14.3576 -14.238 -14.1215
9.87403 -13.7817 -13.7244 -13.6152 -13.5088 -13.3983 -13.2861
9.94941 -12.9478 -12.8822 -12.7678 -12.6583 -12.5397 -12.4231
10.0248 -12.1193 -12.0596 -11.9502 -11.8429 -11.7338 -11.6215
10.1002 -11.4821 -11.4142 -11.2998 -11.1898 -11.0727 -10.9563
10.1755 -11.0667 -11.0026 -10.8922 -10.7834 -10.6756 -10.5628
10.2509 -11.1271 -11.0517 -10.9345 -10.8209 -10.7049 -10.5869
10.3263 -11.5252 -11.4534 -11.3402 -11.2278 -11.1212 -11.0067
10.4017 -12.232 -12.1514 -12.0332 -11.9182 -11.804 -11.6855
10.477 -13.0057 -12.9325 -12.8205 -12.7094 -12.605 -12.4918
10.5524 -13.8789 -13.8003 -13.6854 -13.574 -13.4619 -13.3462
10.6278 -14.6655 -14.5962 -14.4889 -14.3827 -14.2803 -14.1704
10.7031 -15.4651 -15.3908 -15.2804 -15.1738 -15.0639 -14.9514
10.7785 -16.2029 -16.1373 -16.0341 -15.9323 -15.8319 -15.7251
10.8539 -16.9611 -16.8899 -16.7829 -16.6803 -16.5716 -16.4618
10.9293 -17.6301 -17.5678 -17.4677 -17.3696 -17.2699 -17.1653
11.0046 -18.2645 -18.1969 -18.0932 -17.9942 -17.8858 -17.7781
11.08 -18.8213 -18.7599 -18.661 -18.5654 -18.4642 -18.3605
11.1554 -19.4455 -19.3757 -19.2708 -19.1728 -19.0611 -18.9529
11.2308 -20.056 -19.9921 -19.8919 -19.7963 -19.692 -19.5873
11.3061 -20.7388 -20.6679 -20.5633 -20.4645 -20.3519 -20.2425
11.3815 -21.4001 -21.3367 -21.2382 -21.1407 -21.0381 -20.9318
11.4569 -22.1369 -22.0674 -21.9656 -21.8637 -21.7547 -21.6433
11.5323 -22.8392 -22.7784 -22.6834 -22.5825 -22.4842 -22.3757
11.6076 -23.5166 -23.4526 -23.3552 -23.2517 -23.1466 -23.0339
11.683 -24.0252 -23.9709 -23.8811 -23.7796 -23.6851 -23.5758
11.7584 -24.5555 -24.4952 -24.4034 -24.2976 -24.1979 -24.0826
11.8338 -25.0418 -24.9896 -24.9058 -24.8009 -24.7128 -24.5996
11.9091 -25.5251 -25.4686 -25.3819 -25.2733 -25.1787 -25.0602
11.9845 -25.8085 -25.7635 -25.6828 -25.5769 -25.491 -25.3765
12.0599 -25.884 -25.8381 -25.7525 -25.6457 -25.5496 -25.4326
12.1353 -25.6304 -25.5955 -25.5123 -25.4088 -25.3174 -25.2054
12.2106 -25.2278 -25.1869 -25.0936 -24.9868 -24.8814 -24.7652
12.286 -24.6884 -24.6524 -24.5568 -24.4508 -24.3471 -24.2335
12.3614 -24.1838 -24.1377 -24.0295 -23.9186 -23.7995 -23.6804
12.4368 -23.6284 -23.5867 -23.4761 -23.365 -23.248 -23.1307
12.5121 -23.0342 -22.9863 -22.8657 -22.7513 -22.621 -22.4995
12.5875 -22.269 -22.2265 -22.1038 -21.9887 -21.8614 -21.742
12.6629 -21.53 -21.4762 -21.3386 -21.2132 -21.0712 -20.9423
12.7383 -20.7734 -20.7217 -20.5802 -20.4495 -20.3109 -20.1799
12.8136 -20.1125 -20.0509 -19.8994 -19.7617 -19.6121 -19.4735
12.889 -19.4431 -19.3873 -19.2407 -19.1055 -18.9651 -18.83
12.9644 -18.8703 -18.8084 -18.661 -18.5272 -18.3818 -18.2455
13.0398 -18.2852 -18.2323 -18.0964 -17.9717 -17.8397 -17.712
13.1151 -17.7501 -17.6943 -17.5603 -17.4413 -17.3053 -17.1803
13.1905 -17.0947 -17.0508 -16.9279 -16.8198 -16.6959 -16.5818
13.2659 -16.4243 -16.3778 -16.2563 -16.1534 -16.0253 -15.9138
13.3412 -15.6791 -15.6437 -15.5338 -15.4407 -15.3256 -15.224
13.4166 -14.9645 -14.9272 -14.8202 -14.7329 -14.615 -14.5167
13.492 -14.1819 -14.1565 -14.0623 -13.9864 -13.8822 -13.7952
13.5674 -13.407 -13.3799 -13.2884 -13.2191 -13.1115 -13.0287
13.6427 -12.5882 -12.5718 -12.4921 -12.432 -12.3382 -12.2648
13.7181 -11.8766 -11.8539 -11.773 -11.7127 -11.615 -11.541
13.7935 -11.3174 -11.2983 -11.2228 -11.1606 -11.075 -11.0018
13.8689 -11.1595 -11.1267 -11.0427 -10.9679 -10.8769 -10.7932
13.9442 -11.3783 -11.3455 -11.2628 -11.1795 -11.0991 -11.0106
14.0196 -11.9548 -11.911 -11.8213 -11.7297 -11.6427 -11.5463
14.095 -12.6404 -12.6016 -12.5174 -12.4271 -12.3503 -12.2568
14.1704 -13.4304 -13.3817 -13.2913 -13.1966 -13.1122 -13.0143
14.2457 -14.1831 -14.1396 -14.0535 -13.9616 -13.8849 -13.7905
14.3211 -14.9166 -14.8648 -14.7728 -14.6784 -14.5925 -14.495
14.3965 -15.566 -15.519 -15.4304 -15.3377 -15.2595 -15.1648
14.4719 -16.287 -16.2298 -16.1333 -16.0344 -15.9465 -15.8459
14.5472 -16.9495 -16.8966 -16.8027 -16.7054 -16.6233 -16.5254
14.6226 -17.6071 -17.546 -17.4453 -17.345 -17.2525 -17.1506
14.698 -18.1375 -18.0785 -17.9776 -17.8779 -17.7887 -17.6893
14.7734 -18.7283 -18.6532 -18.5364 -18.4247 -18.3173 -18.2071
14.8487 -19.3123 -19.2371 -19.1169 -19.0007 -18.8933 -18.7809
14.9241 -20.0199 -19.9353 -19.8061 -19.6819 -19.5624 -19.4417
14.9995 -20.7261 -20.6519 -20.531 -20.4107 -20.3019 -20.1854
15.0749 -21.5383 -21.4648 -21.3465 -21.2272 -21.117 -20.9998
15.1502 -22.3048 -22.2479 -22.1448 -22.036 -21.9426 -21.835
15.2256 -23.0586 -23.0044 -22.9051 -22.8009 -22.7061 -22.6005
15.301 -23.6126 -23.574 -23.4876 -23.3936 -23.3126 -23.2163
15.3764 -24.109 -24.0709 -23.9847 -23.8912 -23.8059 -23.7083
15.4517 -24.4277 -24.4039 -24.3284 -24.2425 -24.1689 -24.0779
15.5271 -24.664 -24.6408 -24.5645 -24.4784 -24.3998 -24.307
15.6025 -24.7425 -24.733 -24.6625 -24.5741 -24.5057 -24.4121
15.6779 -24.816 -24.8054 -24.7287 -24.6294 -24.5535 -24.4488
15.7532 -24.7614 -24.7609 -24.6879 -24.5859 -24.5177 -24.4109
15.8286 -24.7059 -24.6975 -24.6171 -24.51 -24.4307 -24.3177
15.904 -24.5283 -24.5207 -24.4407 -24.3371 -24.2596 -24.1502
15.9793 -24.3713 -24.347 -24.2553 -24.1495 -24.0544 -23.9421
16.0547 -24.1273 -24.1001 -24.0073 -23.906 -23.8098 -23.7022
16.1301 -23.8792 -23.8408 -23.7424 -23.6447 -23.5353 -23.4292
16.2055 -23.4576 -23.4232 -23.3311 -23.243 -23.14 -23.0433
16.2808 -23.1007 -23.0543 -22.9553 -22.865 -22.7506 -22.652
16.3562 -22.7131 -22.6702 -22.5775 -22.4945 -22.3872 -22.2961
16.4316 -22.3742 -22.3228 -22.2293 -22.1527 -22.0383 -21.9521
16.507 -21.8547 -21.8111 -21.7308 -21.6733 -21.5707 -21.5011
16.5823 -21.2156 -21.1673 -21.0904 -21.0467 -20.9403 -20.8816
16.6577 -20.3084 -20.2696 -20.205 -20.1783 -20.0845 -20.041
16.7331 -19.3283 -19.2851 -19.2188 -19.1942 -19.0958 -19.0541
16.8085 -18.2303 -18.1959 -18.1353 -18.1114 -18.0246 -17.9849
16.8838 -17.2307 -17.192 -17.1261 -17.0934 -17.0022 -16.9551
16.9592 -16.1839 -16.1555 -16.0983 -16.0685 -15.991 -15.9469
17.0346 -15.1517 -15.1225 -15.0689 -15.0461 -14.9687 -14.9296
17.11 -13.953 -13.9371 -13.8993 -13.8899 -13.829 -13.8018
17.1853 -12.5959 -12.5979 -12.5883 -12.6094 -12.5635 -12.5553
17.2607 -10.9698 -10.9894 -11.0174 -11.0727 -11.0636 -11.0924
17.3361 -9.03095 -9.08727 -9.1666 -9.28823 -9.32319 -9.39734
17.4115 -7.85457 -7.84802 -7.86392 -7.90042 -7.90267 -7.95591
17.4868 -5.61455 -5.70415 -5.82738 -6.01165 -6.09612 -6.20936
17.5622 -5.62471 -5.58983 -5.58864 -5.58088 -5.57132 -5.60863
17.6376 -3.05581 -3.19872 -3.3793 -3.61338 -3.75682 -3.91035
17.713 -4.3381 -4.28013 -4.29378 -4.29662 -4.32302 -4.35684
17.7883 -2.89188 -3.05483 -3.18534 -3.31953 -3.40877 -3.5007
17.8637 -4.48067 -4.36294 -4.3264 -4.29579 -4.29469 -4.27428
17.9391 -3.57877 -3.69644 -3.73147 -3.76315 -3.78414 -3.80784
18.0145 -4.88447 -4.78417 -4.76425 -4.74277 -4.6872 -4.64692
18.0898 -3.21873 -3.29202 -3.25224 -3.23066 -3.29479 -3.27461
18.1652 -5.20606 -5.13136 -5.22132 -5.29778 -5.16562 -5.24178
18.2406 -2.67991 -2.74281 -2.59794 -2.48234 -2.6181 -2.41138
18.316 -4.981 -4.91334 -5.10628 -5.31263 -5.13861 -5.40117
18.3913 -2.47055 -2.51774 -2.35682 -2.20126 -2.32525 -2.00882
18.4667 -4.53537 -4.48861 -4.65427 -4.86811 -4.73779 -5.02875
18.5421 -2.65309 -2.66146 -2.55349 -2.43258 -2.48605 -2.20081
18.6174 -4.21364 -4.21319 -4.29628 -4.42685 -4.37259 -4.58085
18.6928 -2.75172 -2.71044 -2.64161 -2.5475 -2.52213 -2.33179
18.7682 -4.19459 -4.24934 -4.31535 -4.42682 -4.45487 -4.61848
18.8436 -2.60118 -2.52972 -2.4629 -2.36223 -2.31217 -2.14164
18.9189 -3.89729 -3.96922 -4.04294 -4.15312 -4.19571 -4.3577
18.9943 -2.57607 -2.51188 -2.45485 -2.36655 -2.31918 -2.16506
19.0697 -3.5137 -3.56631 -3.60747 -3.6855 -3.72318 -3.84796
19.1451 -2.80331 -2.76616 -2.73137 -2.6766 -2.63957 -2.53642
19.2204 -3.21536 -3.22779 -3.23895 -3.26948 -3.28896 -3.34508
19.2958 -2.97633 -2.96479 -2.95726 -2.95338 -2.93743 -2.90199
19.3712 -3.01541 -3.02119 -3.02572 -3.0225 -3.03372 -3.05558
19.4466 -2.94675 -2.94738 -2.9554 -2.96427 -2.9611 -2.95605
19.5219 -2.86376 -2.86892 -2.87113 -2.87585 -2.89023 -2.89581
19.5973 -2.78152 -2.77561 -2.77329 -2.77744 -2.77539 -2.77759
19.6727 -2.73453 -2.73967 -2.74774 -2.74858 -2.75498 -2.76115
19.7481 -2.66986 -2.66762 -2.66741 -2.67077 -2.67413 -2.66804
19.8234 -2.62673 -2.63089 -2.63281 -2.63427 -2.6469 -2.65265
19.8988 -2.54267 -2.54114 -2.53955 -2.54397 -2.55139 -2.5515
19.9742 -2.50827 -2.51363 -2.51382 -2.51403 -2.52709 -2.52931
20.0496 -2.44731 -2.44359 -2.43696 -2.43572 -2.44192 -2.43817
20.1249 -2.40885 -2.41427 -2.40949 -2.40657 -2.4222 -2.42532
20.2003 -2.36207 -2.35893 -2.34829 -2.34575 -2.35341 -2.34818
20.2757 -2.32868 -2.33403 -2.32457 -2.31789 -2.33598 -2.33358
20.3511 -2.29751 -2.29471 -2.27536 -2.2672 -2.2813 -2.27531
20.4264 -2.24987 -2.25803 -2.23902 -2.22921 -2.25462 -2.25179
20.5018 -2.2224 -2.22195 -2.19153 -2.17702 -2.19866 -2.19013
20.5772 -2.1815 -2.19186 -2.15904 -2.13986 -2.17533 -2.16899
20.6526 -2.16433 -2.16632 -2.1225 -2.09529 -2.13117 -2.11796
20.7279 -2.13433 -2.14525 -2.09694 -2.06008 -2.11524 -2.10368
20.8033 -2.12578 -2.13144 -2.07125 -2.02088 -2.08207 -2.06491
20.8787 -2.09569 -2.10975 -2.04016 -1.97842 -2.06666 -2.04828
20.9541 -2.08633 -2.09628 -1.99957 -1.91633 -2.02602 -1.99887
21.0294 -2.05018 -2.07113 -1.94497 -1.86361 -1.99587 -1.96026
21.1048 -2.04042 -2.05814 -1.89257 -1.81901 -1.94509 -1.89263
21.1802 -2.00828 -2.03738 -1.84568 -1.7917 -1.91295 -1.85357
21.2555 -2.00754 -2.03388 -1.82375 -1.77062 -1.87459 -1.81505
21.3309 -1.9833 -2.02092 -1.8142 -1.76848 -1.86339 -1.81105
21.4063 -1.98919 -2.02332 -1.80946 -1.775 -1.84176 -1.79172
21.4817 -1.96288 -2.00935 -1.80557 -1.77841 -1.83739 -1.79733
21.557 -1.95882 -2.00917 -1.80622 -1.78486 -1.81668 -1.78304
21.6324 -1.92195 -1.99211 -1.79847 -1.79236 -1.80675 -1.7864
21.7078 -1.91634 -1.99319 -1.8016 -1.80055 -1.78873 -1.77599
21.7832 -1.87993 -1.97886 -1.80286 -1.79862 -1.79705 -1.79224
21.8585 -1.8791 -1.98427 -1.8066 -1.80107 -1.79092 -1.78276
21.9339 -1.85009 -1.97318 -1.80259 -1.79865 -1.79689 -1.79146
22.0093 -1.85678 -1.98142 -1.80713 -1.80135 -1.79121 -1.78146
22.0847 -1.82922 -1.96976 -1.80111 -1.79866 -1.79388 -1.78384
22.16 -1.83531 -1.97653 -1.80478 -1.80166 -1.78569 -1.77146
22.2354 -1.80648 -1.96273 -1.80031 -1.79889 -1.79043 -1.7793
22.3108 -1.81327 -1.97018 -1.80677 -1.80207 -1.78725 -1.77085
22.3862 -1.78877 -1.95804 -1.80129 -1.79901 -1.78942 -1.77189
22.4615 -1.8063 -1.96751 -1.80336 -1.80226 -1.77293 -1.74863
22.5369 -1.79047 -1.95543 -1.78901 -1.79908 -1.76056 -1.73834
22.6123 -1.80806 -1.9658 -1.78154 -1.80252 -1.73811 -1.71609
22.6877 -1.7864 -1.95392 -1.7621 -1.79916 -1.73008 -1.71315
22.763 -1.80691 -1.96489 -1.76162 -1.80271 -1.72409 -1.69941
22.8384 -1.79223 -1.95189 -1.75707 -1.79925 -1.73303 -1.70298
22.9138 -1.81369 -1.96314 -1.76797 -1.80301 -1.73305 -1.69372
22.9892 -1.79324 -1.95059 -1.77475 -1.79927 -1.7508 -1.70154
23.0645 -1.81287 -1.963 -1.79784 -1.80316 -1.75946 -1.70132
23.1399 -1.79444 -1.94883 -1.80699 -1.79923 -1.77284 -1.7204
23.2153 -1.81657 -1.96028 -1.83136 -1.8035 -1.77405 -1.72486
23.2907 -1.79616 -1.94605 -1.84362 -1.79926 -1.78324 -1.7437
23.366 -1.81678 -1.96018 -1.87635 -1.80372 -1.78317 -1.74684
23.4414 -1.79577 -1.94704 -1.88653 -1.7991 -1.7924 -1.75917
23.5168 -1.81635 -1.96094 -1.90674 -1.80395 -1.79283 -1.75729
23.5922 -1.79566 -1.94659 -1.90672 -1.79906 -1.80069 -1.76596
23.6675 -1.81667 -1.96011 -1.92166 -1.80419 -1.80382 -1.76237
23.7429 -1.79593 -1.9455 -1.91827 -1.79891 -1.81637 -1.77017
23.8183 -1.81808 -1.95901 -1.93115 -1.80443 -1.82078 -1.76615
23.8936 -1.79615 -1.94476 -1.92605 -1.79882 -1.83032 -1.77328
23.969 -1.81715 -1.9594 -1.93815 -1.80465 -1.83595 -1.76907
24.0444 -1.79543 -1.94595 -1.9317 -1.79864 -1.84548 -1.77541
24.1198 -1.81651 -1.9601 -1.94163 -1.80479 -1.84402 -1.76996
24.1951 -1.79601 -1.94549 -1.93239 -1.79852 -1.84331 -1.77534
24.2705 -1.81723 -1.95973 -1.94151 -1.80497 -1.84179 -1.76981
24.3459 -1.79529 -1.94591 -1.93228 -1.79835 -1.84713 -1.77556
24.4213 -1.81631 -1.96034 -1.94055 -1.80509 -1.84449 -1.77003
24.4966 -1.79484 -1.94547 -1.92859 -1.7982 -1.83935 -1.77501
24.572 -1.81673 -1.95953 -1.93467 -1.80527 -1.82988 -1.76832
24.6474 -1.79561 -1.94535 -1.92145 -1.79799 -1.82447 -1.77263
24.7228 -1.81644 -1.96058 -1.92656 -1.80536 -1.81686 -1.76575
24.7981 -1.79385 -1.94656 -1.9116 -1.79774 -1.80747 -1.7694
24.8735 -1.81602 -1.96173 -1.91441 -1.80551 -1.80014 -1.76201
24.9489 -1.79338 -1.9474 -1.89582 -1.79755 -1.79592 -1.76509
25.0243 -1.81546 -1.96227 -1.89312 -1.80552 -1.7913 -1.7565
25.0996 -1.79276 -1.94685 -1.86383 -1.79735 -1.78608 -1.75695
25.175 -1.81558 -1.96143 -1.84894 -1.8056 -1.78235 -1.74482
25.2504 -1.79296 -1.94733 -1.81861 -1.79724 -1.77763 -1.741
25.3258 -1.81264 -1.96422 -1.81267 -1.80547 -1.77273 -1.72564
25.4011 -1.7883 -1.95026 -1.78631 -1.79705 -1.76411 -1.71789
25.4765 -1.81154 -1.9657 -1.78117 -1.80536 -1.75246 -1.70043
25.5519 -1.78912 -1.95047 -1.75797 -1.79701 -1.73886 -1.6998
25.6273 -1.81042 -1.96674 -1.76589 -1.80525 -1.73303 -1.69458
25.7026 -1.78251 -1.95236 -1.75412 -1.79681 -1.72796 -1.70023
25.778 -1.80422 -1.96884 -1.77381 -1.80513 -1.72662 -1.70018
25.8534 -1.78436 -1.95337 -1.77545 -1.79665 -1.73623 -1.71202
25.9288 -1.8095 -1.97034 -1.7998 -1.80502 -1.75325 -1.71784
26.0041 -1.78458 -1.95495 -1.79594 -1.79637 -1.76993 -1.7362
26.0795 -1.81058 -1.97274 -1.81015 -1.80497 -1.78387 -1.74768
26.1549 -1.79592 -1.95734 -1.79872 -1.79617 -1.78708 -1.76356
26.2303 -1.83262 -1.97707 -1.80921 -1.80492 -1.78647 -1.76407
26.3056 -1.82314 -1.96369 -1.79711 -1.7957 -1.7857 -1.76822
26.381 -1.86069 -1.98387 -1.80969 -1.80472 -1.79006 -1.7671
26.4564 -1.84644 -1.96858 -1.79907 -1.79537 -1.79245 -1.7783
26.5317 -1.8802 -1.98696 -1.81089 -1.80473 -1.79438 -1.7816
26.6071 -1.86951 -1.97137 -1.79866 -1.79507 -1.79255 -1.7867
26.6825 -1.90997 -1.99227 -1.81101 -1.80469 -1.79487 -1.78305
26.7579 -1.90427 -1.97993 -1.79353 -1.79449 -1.79074 -1.77962
26.8332 -1.94806 -2.00519 -1.80668 -1.79795 -1.80578 -1.77992
26.9086 -1.94306 -1.99556 -1.79854 -1.77816 -1.81978 -1.79041
26.984 -1.98577 -2.02206 -1.81381 -1.78359 -1.83739 -1.79361
27.0594 -1.9715 -2.01029 -1.80171 -1.76871 -1.84692 -1.80286
27.1347 -2.00502 -2.03323 -1.82233 -1.77362 -1.86472 -1.81119
27.2101 -1.98927 -2.02054 -1.81613 -1.76361 -1.8802 -1.82726
27.2855 -2.02951 -2.04937 -1.85423 -1.79753 -1.91483 -1.85475
27.3609 -2.02194 -2.04478 -1.88527 -1.81398 -1.95031 -1.90473
27.4362 -2.07099 -2.08322 -1.95359 -1.87152 -1.99633 -1.95975
27.5116 -2.06704 -2.0825 -1.99222 -1.91376 -2.0294 -2.00726
27.587 -2.11613 -2.12236 -2.04868 -1.9873 -2.06567 -2.04485
27.6624 -2.1067 -2.11753 -2.06349 -2.01883 -2.08481 -2.0716
27.7377 -2.15288 -2.15581 -2.10476 -2.06783 -2.1134 -2.09839
27.8131 -2.14517 -2.15515 -2.11626 -2.09171 -2.13476 -2.12563
27.8885 -2.2012 -2.20141 -2.16584 -2.14548 -2.17198 -2.1615
27.9639 -2.20219 -2.20964 -2.18526 -2.17364 -2.20269 -2.19743
28.0392 -2.27078 -2.26868 -2.24524 -2.23356 -2.25051 -2.24419
28.1146 -2.27598 -2.28275 -2.26927 -2.26343 -2.28462 -2.2824
28.19 -2.34788 -2.34479 -2.33072 -2.32276 -2.33321 -2.327
28.2654 -2.34314 -2.34728 -2.34251 -2.34107 -2.35456 -2.35368
28.3407 -2.42671 -2.42449 -2.41581 -2.41198 -2.42125 -2.41799
28.4161 -2.42767 -2.43164 -2.43022 -2.43036 -2.44211 -2.44355
28.4915 -2.52491 -2.52153 -2.51735 -2.51717 -2.52405 -2.52016
28.5669 -2.52941 -2.53421 -2.53871 -2.54111 -2.55591 -2.55943
28.6422 -2.64105 -2.6372 -2.6341 -2.63413 -2.63755 -2.64165
28.7176 -2.65475 -2.66003 -2.66412 -2.66802 -2.67822 -2.67308
28.793 -2.75259 -2.75068 -2.75206 -2.7547 -2.75315 -2.7529
28.8684 -2.75217 -2.75536 -2.76268 -2.76516 -2.77582 -2.78121
28.9437 -2.88902 -2.88677 -2.88734 -2.88721 -2.88896 -2.891
29.0191 -2.92017 -2.92552 -2.93355 -2.94631 -2.95152 -2.95584
29.0945 -3.04187 -3.03846 -3.03817 -3.03022 -3.03242 -3.04022
29.1698 -2.94831 -2.95253 -2.95254 -2.95027 -2.94355 -2.92785
29.2452 -3.2559 -3.23847 -3.24626 -3.25715 -3.26131 -3.27462
29.3206 -2.72504 -2.74 -2.71775 -2.67289 -2.64393 -2.60145
29.396 -3.62455 -3.6016 -3.6244 -3.66858 -3.69194 -3.72996
29.4713 -2.43474 -2.46456 -2.42959 -2.35131 -2.30333 -2.24024
29.5467 -4.0514 -4.02336 -4.08005 -4.15743 -4.19935 -4.25871
29.6221 -2.42006 -2.4385 -2.38854 -2.30236 -2.24048 -2.15476
29.6975 -4.34609 -4.34177 -4.40232 -4.48991 -4.54362 -4.65599
29.7728 -2.6767 -2.66268 -2.59325 -2.52142 -2.44397 -2.23058
29.8482 -4.14063 -4.1391 -4.24053 -4.338 -4.38415 -4.67975
29.9236 -2.8461 -2.84643 -2.72499 -2.6417 -2.56223 -2.11037
29.999 -4.22685 -4.18704 -4.37673 -4.55972 -4.6074 -5.09509
30.0743 -2.84697 -2.89099 -2.71613 -2.57719 -2.50369 -1.95437
30.1497 -4.52399 -4.47057 -4.69374 -4.91021 -4.95419 -5.43869
30.2251 -3.16488 -3.18733 -3.00784 -2.8438 -2.78149 -2.36497
30.3005 -4.71846 -4.73525 -4.88435 -5.04997 -5.07599 -5.30708
30.3758 -3.64769 -3.5811 -3.46457 -3.34232 -3.29886 -3.1963
30.4512 -4.50709 -4.60053 -4.68244 -4.75452 -4.76657 -4.74288
30.5266 -3.91743 -3.8106 -3.72973 -3.69002 -3.67372 -3.71545
30.602 -4.15143 -4.2777 -4.36641 -4.39724 -4.41295 -4.37357
30.6773 -3.18812 -3.12768 -3.1448 -3.23048 -3.31145 -3.41516
30.7527 -4.0804 -4.21117 -4.31699 -4.36679 -4.40675 -4.43539
30.8281 -3.25634 -3.25529 -3.36948 -3.55528 -3.68138 -3.83652
30.9035 -5.48162 -5.55374 -5.60177 -5.6327 -5.64486 -5.67465
30.9788 -5.70469 -5.71319 -5.80262 -5.94811 -6.02115 -6.1363
31.0542 -7.81756 -7.8635 -7.90011 -7.95156 -7.96253 -8.00616
31.1296 -9.03474 -9.05875 -9.13023 -9.23627 -9.27521 -9.35124
31.205 -10.986 -11.0163 -11.045 -11.0952 -11.0835 -11.1034
31.2803 -12.5765 -12.5754 -12.5692 -12.586 -12.5503 -12.5437
31.3557 -13.9784 -13.9573 -13.9151 -13.8984 -13.8315 -13.7966
31.4311 -15.1331 -15.1081 -15.0593 -15.0344 -14.9678 -14.93
31.5065 -16.2104 -16.1741 -16.1121 -16.0754 -15.9914 -15.9398
31.5818 -17.2131 -17.1795 -17.1187 -17.0841 -17.0039 -16.9577
31.6572 -18.2586 -18.2156 -18.1506 -18.119 -18.0262 -17.9781
