         420           3   31.6571999    
     1  -0.15564697266E+02
     2  -0.16596225739E+02
     3  -0.17466922760E+02
     4  -0.18095018387E+02
     5  -0.18549495697E+02
     6  -0.18880868912E+02
     7  -0.19215522766E+02
     8  -0.19568305969E+02
     9  -0.19916961670E+02
    10  -0.20128749847E+02
    11  -0.20289596558E+02
    12  -0.20414035797E+02
    13  -0.20521108627E+02
    14  -0.20578479767E+02
    15  -0.20610446930E+02
    16  -0.20576749802E+02
    17  -0.20475372314E+02
    18  -0.20230699539E+02
    19  -0.19853063583E+02
    20  -0.19357192993E+02
    21  -0.18745746613E+02
    22  -0.17993831635E+02
    23  -0.17197561264E+02
    24  -0.16417785645E+02
    25  -0.15690757751E+02
    26  -0.15012871742E+02
    27  -0.14401346207E+02
    28  -0.13830862045E+02
    29  -0.13260072708E+02
    30  -0.12615861893E+02
    31  -0.11930005074E+02
    32  -0.11254978180E+02
    33  -0.10598710060E+02
    34  -0.98838386536E+01
    35  -0.91161470413E+01
    36  -0.83753929138E+01
    37  -0.77000088692E+01
    38  -0.72011356354E+01
    39  -0.70431418419E+01
    40  -0.73073906898E+01
    41  -0.79037485123E+01
    42  -0.86681909561E+01
    43  -0.94816770554E+01
    44  -0.10281869888E+02
    45  -0.11047452927E+02
    46  -0.11789251328E+02
    47  -0.12513981819E+02
    48  -0.13200253487E+02
    49  -0.13819238663E+02
    50  -0.14360794067E+02
    51  -0.14910765648E+02
    52  -0.15495968819E+02
    53  -0.16140869141E+02
    54  -0.16829486847E+02
    55  -0.17575662613E+02
    56  -0.18345815659E+02
    57  -0.19083276749E+02
    58  -0.19685369492E+02
    59  -0.20218389511E+02
    60  -0.20748027802E+02
    61  -0.21263450623E+02
    62  -0.21674505234E+02
    63  -0.21878244400E+02
    64  -0.21791805267E+02
    65  -0.21459280014E+02
    66  -0.20980283737E+02
    67  -0.20459367752E+02
    68  -0.19943580627E+02
    69  -0.19398878098E+02
    70  -0.18729457855E+02
    71  -0.18002452850E+02
    72  -0.17292703629E+02
    73  -0.16613811493E+02
    74  -0.15959098816E+02
    75  -0.15332492828E+02
    76  -0.14736960411E+02
    77  -0.14159253120E+02
    78  -0.13539636612E+02
    79  -0.12838166237E+02
    80  -0.12096700668E+02
    81  -0.11327432632E+02
    82  -0.10543291092E+02
    83  -0.97234029770E+01
    84  -0.88668260574E+01
    85  -0.80721263885E+01
    86  -0.73993072510E+01
    87  -0.69997754097E+01
    88  -0.69875402451E+01
    89  -0.73999133110E+01
    90  -0.80693960190E+01
    91  -0.88847713470E+01
    92  -0.97503833771E+01
    93  -0.10598512650E+02
    94  -0.11401211739E+02
    95  -0.12190717697E+02
    96  -0.12939820290E+02
    97  -0.13654666901E+02
    98  -0.14284048080E+02
    99  -0.14861736298E+02
   100  -0.15444994926E+02
   101  -0.16070255280E+02
   102  -0.16729808807E+02
   103  -0.17431816101E+02
   104  -0.18174339294E+02
   105  -0.18941564560E+02
   106  -0.19639316559E+02
   107  -0.20264350891E+02
   108  -0.20900020599E+02
   109  -0.21526523590E+02
   110  -0.22054498672E+02
   111  -0.22366706848E+02
   112  -0.22365928650E+02
   113  -0.22051519394E+02
   114  -0.21522962570E+02
   115  -0.20895544052E+02
   116  -0.20260303497E+02
   117  -0.19634614944E+02
   118  -0.18936538696E+02
   119  -0.18168359756E+02
   120  -0.17426038742E+02
   121  -0.16723371506E+02
   122  -0.16064340591E+02
   123  -0.15438961029E+02
   124  -0.14856594086E+02
   125  -0.14278744698E+02
   126  -0.13649404526E+02
   127  -0.12933771133E+02
   128  -0.12184477806E+02
   129  -0.11393998146E+02
   130  -0.10591595650E+02
   131  -0.97436313629E+01
   132  -0.88796081543E+01
   133  -0.80648050308E+01
   134  -0.73965554237E+01
   135  -0.69853286743E+01
   136  -0.69994597435E+01
   137  -0.74005737305E+01
   138  -0.80747203827E+01
   139  -0.88695888519E+01
   140  -0.97263803482E+01
   141  -0.10546414375E+02
   142  -0.11330998421E+02
   143  -0.12099730492E+02
   144  -0.12840892792E+02
   145  -0.13541462898E+02
   146  -0.14160973549E+02
   147  -0.14737988472E+02
   148  -0.15333373070E+02
   149  -0.15959600449E+02
   150  -0.16614629745E+02
   151  -0.17293651581E+02
   152  -0.18004190445E+02
   153  -0.18731348038E+02
   154  -0.19400936127E+02
   155  -0.19945308685E+02
   156  -0.20462072372E+02
   157  -0.20983200073E+02
   158  -0.21462554932E+02
   159  -0.21794013977E+02
   160  -0.21880102158E+02
   161  -0.21674613953E+02
   162  -0.21262552261E+02
   163  -0.20745834351E+02
   164  -0.20215740204E+02
   165  -0.19681737900E+02
   166  -0.19078973770E+02
   167  -0.18340217590E+02
   168  -0.17569734573E+02
   169  -0.16822631836E+02
   170  -0.16134080887E+02
   171  -0.15488894463E+02
   172  -0.14904790878E+02
   173  -0.14355014801E+02
   174  -0.13814489365E+02
   175  -0.13194755554E+02
   176  -0.12509535789E+02
   177  -0.11785222054E+02
   178  -0.11043900490E+02
   179  -0.10277079582E+02
   180  -0.94774570465E+01
   181  -0.86657161713E+01
   182  -0.79015579224E+01
   183  -0.73051400185E+01
   184  -0.70413837433E+01
   185  -0.72001519203E+01
   186  -0.77000322342E+01
   187  -0.83754158020E+01
   188  -0.91159391403E+01
   189  -0.98823442459E+01
   190  -0.10597046852E+02
   191  -0.11252536774E+02
   192  -0.11927566528E+02
   193  -0.12612174988E+02
   194  -0.13256114960E+02
   195  -0.13824995041E+02
   196  -0.14393414497E+02
   197  -0.15002455711E+02
   198  -0.15680035591E+02
   199  -0.16407461166E+02
   200  -0.17189823151E+02
   201  -0.17988231659E+02
   202  -0.18743173599E+02
   203  -0.19356145859E+02
   204  -0.19854183197E+02
   205  -0.20233036041E+02
   206  -0.20480257034E+02
   207  -0.20583105087E+02
   208  -0.20619331360E+02
   209  -0.20587985992E+02
   210  -0.20531343460E+02
   211  -0.20422300339E+02
   212  -0.20296155930E+02
   213  -0.20132392883E+02
   214  -0.19919937134E+02
   215  -0.19569992065E+02
   216  -0.19217147827E+02
   217  -0.18881454468E+02
   218  -0.18550348282E+02
   219  -0.18094963074E+02
   220  -0.17467073441E+02
   221  -0.16595052719E+02
   222  -0.15563858032E+02
   223  -0.14416004181E+02
   224  -0.13300521851E+02
   225  -0.12194005966E+02
   226  -0.11103014946E+02
   227  -0.98938026428E+01
   228  -0.86535310745E+01
   229  -0.73056888580E+01
   230  -0.59926433563E+01
   231  -0.47134275436E+01
   232  -0.36472561359E+01
   233  -0.27327971458E+01
   234  -0.20530774593E+01
   235  -0.14095804691E+01
   236  -0.89672374725E+00
   237  -0.39612138271E+00
   238  -0.92564597726E-02
   239   0.39935716987E+00
   240   0.71421480179E+00
   241   0.10629465580E+01
   242   0.13371300697E+01
   243   0.16340250969E+01
   244   0.18857535124E+01
   245   0.21143555641E+01
   246   0.23658475876E+01
   247   0.25546662807E+01
   248   0.27753503323E+01
   249   0.30011672974E+01
   250   0.32191634178E+01
   251   0.34312176704E+01
   252   0.36474351883E+01
   253   0.38143131733E+01
   254   0.40268869400E+01
   255   0.41679701805E+01
   256   0.43706665039E+01
   257   0.45061321259E+01
   258   0.46973338127E+01
   259   0.48201465607E+01
   260   0.49860191345E+01
   261   0.51052608490E+01
   262   0.52630887032E+01
   263   0.53960366249E+01
   264   0.55260596275E+01
   265   0.56287045479E+01
   266   0.57352743149E+01
   267   0.58265318871E+01
   268   0.59692740440E+01
   269   0.61144847870E+01
   270   0.62867588997E+01
   271   0.63932104111E+01
   272   0.64773740768E+01
   273   0.65237989426E+01
   274   0.65594964027E+01
   275   0.65998983383E+01
   276   0.66815962791E+01
   277   0.67656192780E+01
   278   0.68451561928E+01
   279   0.68990869522E+01
   280   0.69439220428E+01
   281   0.69698314667E+01
   282   0.69840779305E+01
   283   0.70054292679E+01
   284   0.70700345039E+01
   285   0.71384735107E+01
   286   0.72004094124E+01
   287   0.72501683235E+01
   288   0.72812962532E+01
   289   0.72988615036E+01
   290   0.73025894165E+01
   291   0.73180541992E+01
   292   0.73661999702E+01
   293   0.74245643616E+01
   294   0.74778113365E+01
   295   0.75193343163E+01
   296   0.75423946381E+01
   297   0.75513148308E+01
   298   0.75504941940E+01
   299   0.75531902313E+01
   300   0.75905308723E+01
   301   0.76391916275E+01
   302   0.76835274696E+01
   303   0.77161087990E+01
   304   0.77312483788E+01
   305   0.77341599464E+01
   306   0.77243866920E+01
   307   0.77195973396E+01
   308   0.77421035767E+01
   309   0.77824330330E+01
   310   0.78193345070E+01
   311   0.78412451744E+01
   312   0.78501243591E+01
   313   0.78436655998E+01
   314   0.78302183151E+01
   315   0.78126769066E+01
   316   0.78221621513E+01
   317   0.78533806801E+01
   318   0.78836274147E+01
   319   0.78940405846E+01
   320   0.78984684944E+01
   321   0.78850321770E+01
   322   0.78636970520E+01
   323   0.78334078789E+01
   324   0.78322534561E+01
   325   0.78531980515E+01
   326   0.78739495277E+01
   327   0.78803234100E+01
   328   0.78748197556E+01
   329   0.78564429283E+01
   330   0.78231477737E+01
   331   0.77857398987E+01
   332   0.77714824677E+01
   333   0.77833375931E+01
   334   0.77921323776E+01
   335   0.77941107750E+01
   336   0.77833795547E+01
   337   0.77569618225E+01
   338   0.77146906853E+01
   339   0.76644210815E+01
   340   0.76400189400E+01
   341   0.76395039558E+01
   342   0.76418027878E+01
   343   0.76348257065E+01
   344   0.76199336052E+01
   345   0.75817871094E+01
   346   0.75331635475E+01
   347   0.74757490158E+01
   348   0.74344868660E+01
   349   0.74250235558E+01
   350   0.74184908867E+01
   351   0.74054212570E+01
   352   0.73803596497E+01
   353   0.73338594437E+01
   354   0.72774925232E+01
   355   0.72105979919E+01
   356   0.71530814171E+01
   357   0.71355457306E+01
   358   0.71189408302E+01
   359   0.71019730568E+01
   360   0.70655641556E+01
   361   0.70155773163E+01
   362   0.69435997009E+01
   363   0.68672852516E+01
   364   0.67840204239E+01
   365   0.67508144379E+01
   366   0.67227368355E+01
   367   0.67070860863E+01
   368   0.66595005989E+01
   369   0.65964732170E+01
   370   0.64835195541E+01
   371   0.63534998894E+01
   372   0.62047090530E+01
   373   0.61046509743E+01
   374   0.60252594948E+01
   375   0.59558839798E+01
   376   0.58542499542E+01
   377   0.57496066093E+01
   378   0.56094665527E+01
   379   0.54753451347E+01
   380   0.53402366638E+01
   381   0.52204203606E+01
   382   0.50925025940E+01
   383   0.49941954613E+01
   384   0.48318896294E+01
   385   0.46946587563E+01
   386   0.45003476143E+01
   387   0.43598680496E+01
   388   0.41591048241E+01
   389   0.40258584023E+01
   390   0.38113977909E+01
   391   0.36386182308E+01
   392   0.34305219650E+01
   393   0.32082848549E+01
   394   0.30082800388E+01
   395   0.27694034576E+01
   396   0.25517511368E+01
   397   0.23760726452E+01
   398   0.21082434654E+01
   399   0.18836668730E+01
   400   0.16247493029E+01
   401   0.13385386467E+01
   402   0.10587353706E+01
   403   0.71848309040E+00
   404   0.39965352416E+00
   405  -0.66458736546E-02
   406  -0.39852526784E+00
   407  -0.89918905497E+00
   408  -0.14134554863E+01
   409  -0.20538213253E+01
   410  -0.27336652279E+01
   411  -0.36475400925E+01
   412  -0.47149372101E+01
   413  -0.59936075211E+01
   414  -0.73082199097E+01
   415  -0.86549844742E+01
   416  -0.98959331512E+01
   417  -0.11103736877E+02
   418  -0.12195940971E+02
   419  -0.13301870346E+02
   420  -0.14418028831E+02
