1c2
-0.7997136060167463 -1.3702283034108464 -1417.2459215496353 0.0012458440949731388 -1416.6579168804872 -0.8574783129780764 -0.05706935
1c2-c3
-0.7948865223563123 -1.228491269804431 -1414.9762908645414 -0.00020648351580740046 -1414.5017943566136 -0.7726164375309287 -0.09156476
1c3
-0.7939072325851438 -1.4858148178866823 -1425.7369254783048 0.0014789458559238077 -1425.0403570856524 -0.9366924136083118 -0.11036533
1c3-c4
-0.8028292105552319 -1.310566258563628 -1423.3034037164834 0.001500599040450015 -1422.767324742217 -0.8171519174648189 -0.05425019
1ca0
-0.7648884757274823 -1.17689412490035 -1416.204265000864 3.42508061871552e-05 -1415.7515322020643 -0.7693463903919601 -0.1135137
1ca0-ca1
-1.5952465282116097 0.018500983303323632 -1413.0456480426772 nan nan nan 0.04139769
1ca1
-0.8218343882272495 -1.196584492593231 -1422.5864640620216 -0.002385465187420341 -1422.1526445061943 -0.7265448151798287 -0.23129501
1ca1-ca4
-0.8096625243432012 -1.1292289856689226 -1422.5941979650345 0.0045476507700558215 -1422.1972889372955 -0.7001538309794828 -0.17309656
1ca4
-0.7976484698082229 -1.2182558479563588 -1430.5246038255814 0.0024427164703255747 -1430.0575732220025 -0.7651857996545438 -0.29661977
1ca4-ca6
-0.7598321137602301 -1.1732315436415652 -1428.5591911503132 0.0014980444464208823 -1428.105146901545 -0.7730191754297586 -0.21391118
1cb1
-0.7682469856702641 -1.4064309224426756 -1423.8150379610588 0.002513876056687426 -1423.1690460202358 -0.9169868706156011 -0.38049997
1cb1-cb3
-0.7781355957926369 -1.0165699294753352 -1421.253780384983 0.0011056558125495852 -1420.9210415916123 -0.6539191824603626 -0.06800343
1cb3
-0.7483676362863558 -1.0006807590739077 -1432.463570512063 0.0003729887722503902 -1432.1288056994604 -0.6688248524573597 0.04718496
1cb3-ca6
-0.7705681396356954 -1.2283698336455533 -1430.657943859021 5.7203568125433086e-05 -1430.1683593212829 -0.7970917651711193 -0.0309197
1cb3-cb5
-0.7136966715097659 -1.1618249491691865 -1430.9630602410205 -0.00971739799506707 -1430.4981036766776 -0.8071409025468271 -0.30391229
1cb5
-0.8157231290619728 -1.6652624764117514 -1442.5238891622298 0.004008404275600892 -1441.6699029339875 -1.0231847186966607 -0.19532112
1cb5-cb7
-0.8026754760612793 -1.6509017573126277 -1441.2650850604982 0.0038900890803447927 -1440.4122073606818 -1.0307975612467006 -0.19641435
1cb5-cbv
-0.6743298360658446 -1.0251691689858735 -1439.2826453961336 -0.004325849011779618 -1438.8962910379994 -0.7569317456943427 0.14751139
1cb6
-0.8007584213291169 -1.5495839324089147 -1439.3969652547637 0.0024786401413096916 -1438.6448975384128 -0.969120355908347 -0.13629715
1cb6-cb7
-0.8089454710987711 -1.6820916327136268 -1437.6062113086634 0.006036571222382241 -1436.7255039758645 -1.0434128530586557 -0.5151027
2c1
-1.1722603033800734 -2.250431685975521 -1414.912234190924 0.0025226866998299914 -1413.8297520428207 -0.9609445812415357 -0.27775434
2c1-1c2
-0.8136143794221243 -1.4398721449012264 -1414.0580559529058 0.001020478331093338 -1413.4201089093813 -0.8854886661761029 -0.32525984
c3
-0.781393904357104 -1.1475294686992683 -1418.268581241831 0.0002800576253248536 -1417.847069536475 -0.7344628105776073 0.20823027
c4
-0.7099437873489182 -1.1615185855353594 -1426.2586860984068 -0.005698915038920218 -1425.7882548000025 -0.814021962789759 0.10354427
ca0
-0.8071407592716229 -0.9474270628610285 -1408.724890766692 -0.002244768621247377 -1408.4481826587557 -0.5855126775488753 0.00459791
ca1
-0.897459507159901 -0.9763803087861562 -1415.2559288299844 0.00728195417871063 -1414.9863925891118 -0.5480259861961202 0.43788371
ca4
-0.7706288452273905 -0.8187528982612603 -1422.9094160130267 -0.0026081033637364056 -1422.693328745348 -0.5295316934683081 -0.13420302
ca6
-0.7753127520063647 -1.188030468751611 -1431.923165070894 0.00048738232780360925 -1431.4676796301221 -0.7664763980752778 0.0655135
cb1
-0.8250306082815675 -1.142111452611807 -1416.0968096721738 0.00933468093065622 -1415.6950584567821 -0.6978202517484406 -0.09589757
cb3
-0.7611944059565547 -0.7021950504583527 -1425.017663988966 7.33321430753219e-05 -1424.8556879952703 -0.46129370966600514 0.95258733
cb5
-0.7467997571440532 -1.1888082989016484 -1434.8912849683597 -0.0020927355649264802 -1434.4198420498285 -0.7945339778061964 0.18907796
cb7
-0.7553872289145064 -1.626329195841216 -1441.4028233716654 0.0003181610326703503 -1440.5271196523202 -1.0766976820692735 -0.23609956
cbv
-0.7713108320504907 -0.9040080848630622 -1443.3160864997185 0.0001920519047824052 -1443.051090257815 -0.5861451046681779 1.62267495
ch2op
-0.7676843046009431 -1.052248352000844 -1440.7389593674925 0.0006090229945226463 -1440.3779683177086 -0.6857358999560809 1.50012022
ch3ohp
-0.8370277148814695 -1.2113164602056805 -1457.185737612728 0.0047889723416019376 -1456.744022124466 -0.7264427514920735 1.53776091
cloh
-4.303958652193017 -0.2957250122840505 -1418.806421397042 -0.022021096524311855 -1418.802069947623 -0.03179676408140434 0.88509636
co2p
-0.7767879789536404 -0.1981331054345328 -1440.8868970727328 0.0006660557554271243 -1440.874177673244 -0.1279623054013521 2.06107857
deo-ca4
-0.758439336504621 -0.7904567093856576 -1422.8879546323358 -0.0059533634883955746 -1422.685088869017 -0.5171826592703277 -0.12422205
deo-f
-0.8227454815111628 -0.5880385568685176 -1431.5105977511575 1.3057576717776271 -1430.4208123204776 -1.1509004128274036 0.58278999
deo-ts
-0.7328011544547296 -0.9740338458535981 -1429.6670048641479 -0.0032389833871287817 -1429.3454842649846 -0.6623862807563492 -0.20760989
dsur5l
-0.8348550255643674 -1.7220986492388572 -1379.3404898267192 0.001511187746768238 -1378.4508650478108 -1.0322809255537742 -0.13719155
dsur5l_h
-0.8315354701890507 -1.9614135258352534 -1386.718765550737 0.0033190684522372556 -1385.5582094754266 -1.181388326009077 -0.36976778
psur5l
-0.7856450781657528 -0.8811448376162742 -1395.3001956421276 0.00040669739396308305 -1395.0529042345706 -0.5610367578884381 1.64169867
co2h
-0.7990217144032941 -0.6102448743978067 -1424.4641257392682 6.981606330309707e-05 -1424.3475819662146 -0.38191370738711594 1.16314514
co2h-co2v
-0.7409734844187152 -0.2830179097969527 -1423.408738669999 0.003759021485574391 -1423.3809910481052 -0.19351362586705 0.55545788
co2v
-0.8033162747255461 -0.41549676926377 -1424.4610301866157 -0.00042451175250581697 -1424.4074133907234 -0.25834921473061906 0.78833925
co2v-co_2
-0.7964006662706368 -0.6148286482903361 -1423.8902482303697 6.050190442170798e-06 -1423.7715825503715 -0.3860084028808874 1.65124908
co_1
-0.7568946883931011 -0.8844169028955788 -1425.2144284612066 0.00043720645307254524 -1424.9558169242127 -0.5845292105479207 1.63793148
ch4
0 0 -48.02  0 -48.02 -999 10
co
0 0 -29.6 0 -29.6 -10 10
ch3oh
0 0 -60.82 0 -60.82 -10 10 
co2 
0 0 -46.18 0 -46.18 -10 10 
ch2o 
0 0 -44.60 0 -44.60 -10 10  
dummy
0 0 0 0 0 -10 10
dummy1
0 0 0 0 0 -10 10
dummy2
0 0 0 0 0 -10 10
psur5l_plot
-0.7857370673755715 -0.8747038661776794 -1395.2955890723829 0.000734212945165755 -1395.051744196597 -0.5570808069720373 1.64826377
psur5l_plot_lc
-0.790613309740539 -0.8839358306549036 -1395.2721109702097 0.0006116897467409045 -1395.0247004136806 -0.5594059127918665 1.65180745
plot_plc4
-0.7830686039658173 -0.8704088597509733 -1395.263212593613 0.0008282249657325518 -1395.020879401495 -0.5562967793015446 1.65513182
plot_plc5
-0.7812608708206703 -0.8661590047629574 -1395.2605099186173 0.0002695707440536434 -1395.0202897487313 -0.5545065725593793 1.64724378
plot_plc6
-0.7893755140622283 -0.8850874200267127 -1395.278418545901 0.0010487793951920244 -1395.0297291230797 -0.5612893886597058 1.64404744
plot_ch3ohd
-0.8220139104854063 -1.8466256333453674 -1440.7888516277271 0.002027113748651121 -1439.74947840796 -1.1244656103218311 -0.25757412
plot_ch3oh
-0.7508898256020553 -1.0374550036078332 -1457.065895257282 0.0001775021136485329 -1456.707426817499 -0.6909352546423702 1.50655952