1c2 CH2* 3
[-4.68168130e-01 -1.06280657e+00 -1.41434827e+03 -4.20040000e-01
  9.99941517e-01]
[-1.04659512e+00  5.07695202e+00 -1.42279750e+03  2.20474543e+00
  9.99874313e-01]
1c2-c3 CH2*->CH3* 3
[-4.73148763e-01 -1.01700248e+00 -1.41207512e+03 -3.01820000e-01
  9.99557326e-01]
[-9.71435329e-01  4.90775412e+00 -1.42067261e+03  2.28186345e+00
  9.99929552e-01]
1c3 CH3* 4
[-4.57711858e-01 -1.07080826e+00 -1.42278435e+03 -4.82230000e-01
  9.99707907e-01]
[-1.07401382e+00  5.06984923e+00 -1.43099747e+03  2.11607104e+00
  9.99939307e-01]
1c3-c4 CH3*-CH4 4
[-4.71670913e-01 -1.07049421e+00 -1.42052706e+03 -4.12600000e-01
  9.99061799e-01]
[-9.92035113e-01  4.96007498e+00 -1.42893589e+03  2.24235958e+00
  9.99993007e-01]
1ca0 CO* 1
[-6.35934509e-01 -1.38662288e+00 -1.41354298e+03 -3.58400000e-01
  9.92841202e-01]
[-7.18092718e-01  3.87299604e+00 -1.42088334e+03  2.28261237e+00
  9.99529086e-01]
1ca0-ca1 wrong 1
[-4.44481617e-01 -1.08108065e+00 -1.38258669e+03 -5.65190000e-01
  9.99942476e-01]
[-9.14964715e-01  4.88227369e+00 -1.42858319e+03  2.31829447e+00
  9.97720297e-01]
1ca1 CHO* 2
[-5.02506362e-01 -1.08045551e+00 -1.41979066e+03 -2.21150000e-01
  9.97668668e-01]
[-9.14964715e-01  4.88227369e+00 -1.42858319e+03  2.31829447e+00
  9.97720297e-01]
1ca1-ca4 CHO*->CHOH* 2
[-4.74079610e-01 -9.18815680e-01 -1.41954996e+03 -1.01200000e-01
  9.99732551e-01]
[-9.61235258e-01  5.04075625e+00 -1.42877974e+03  2.37270481e+00
  9.99957525e-01]
1ca4 CHOH* 3
[-4.26601496e-01 -8.31324590e-01 -1.42745257e+03 -1.36640000e-01
  9.98022934e-01]
[-1.00854855e+00  5.14810471e+00 -1.43659827e+03  2.30022335e+00
  9.99984668e-01]
1ca4-ca6 CHOH*->CH2OH* 3
[-4.76439799e-01 -1.07135872e+00 -1.42577307e+03 -3.90350000e-01
  9.99852768e-01]
[-9.05862924e-01  4.67492653e+00 -1.43409488e+03  2.29011061e+00
  9.99977988e-01]
1cb1 CHO* 2
[-4.04668666e-01 -9.24996489e-01 -1.42077942e+03 -4.50620000e-01
  9.98613729e-01]
[-2.26494888e+00  1.00106184e+01 -1.43426133e+03  2.14171282e+00
  9.94033086e-01]
1cb1-cb3 CHO*->CH2O* 2
[-4.57917649e-01 -9.10668651e-01 -1.41846731e+03 -1.55720000e-01
  9.99813731e-01]
[-9.51254869e-01  5.06906218e+00 -1.42763977e+03  2.39910705e+00
  9.99879989e-01]
1cb3 CH2O* 3
[-4.71785289e-01 -9.43415846e-01 -1.42953756e+03 -1.72020000e-01
  9.98399873e-01]
[-9.38869105e-01  4.95248063e+00 -1.43863330e+03  2.38869017e+00
  9.99967701e-01]
1cb3-cb5 CH2O*->CH3O* 3
[-7.28806189e-01 -1.68337904e+00 -1.42838020e+03 -4.11210000e-01
  9.96087567e-01]
[-6.13462044e-01  3.37285767e+00 -1.43499446e+03  2.21961176e+00
  9.97359190e-01]
1cb5 CH3O* 4
[-4.81941545e-01 -1.23625433e+00 -1.43966472e+03 -6.78900000e-01
  9.97251165e-01]
[-1.06428110e+00  4.95619443e+00 -1.44740978e+03  2.06681858e+00
  9.99899246e-01]
1cb5-cb7 CH3O*->CH3OH* 4
[-4.72147770e-01 -1.30249128e+00 -1.43845013e+03 -8.71640000e-01
  9.99795262e-01]
[-9.76093772e-01  4.62460244e+00 -1.44583955e+03  2.05831404e+00
  9.99949010e-01]
1cb5-cbv CH3O*->CH4 4
[-5.55795959e-01 -1.35594183e+00 -1.43659499e+03 -4.33430000e-01
  9.99971787e-01]
[-1.35680209e+00  6.64572523e+00 -1.44703353e+03  2.27572502e+00
  9.99286210e-01]
1cb6 CH2OH* 4
[-4.69847016e-01 -1.16783289e+00 -1.43653577e+03 -6.10170000e-01
  9.99035521e-01]
[-1.02801333e+00  4.91445597e+00 -1.44447383e+03  2.10112889e+00
  9.99993549e-01]
1cb6-cb7 CH2OH*->CH3OH* 4
[-4.87434555e-01 -1.24125386e+00 -1.43453457e+03 -6.54060000e-01
  9.99982778e-01]
[-1.07000332e+00  4.95590905e+00 -1.44242203e+03  2.02110179e+00
  9.99530227e-01]
2c1-1c2 wrong 3
[-4.44481617e-01 -1.08108065e+00 -1.38258669e+03 -5.65190000e-01
  9.99942476e-01]
[-9.88981702e-01  4.84517654e+00 -1.41931172e+03  2.16995854e+00
  9.99965482e-01]
2c1 CH* 3
[-4.75097596e-01 -1.06918381e+00 -1.41165923e+03 -3.92080000e-01
  9.99898866e-01]
[-1.22839498e+00  5.86857411e+00 -1.42082427e+03  2.19074975e+00
  9.99942540e-01]
c4 CH4 4
[-4.13395774e-01 -9.56609001e-01 -1.42344914e+03 -4.93750000e-01
  9.97904847e-01]
[-9.35914007e-01  4.64377449e+00 -1.43151841e+03  2.21886041e+00
  9.99842259e-01]
ca6 CH2OH* 3
[-4.54331786e-01 -9.89375871e-01 -1.42901935e+03 -3.31350000e-01
  9.99137884e-01]
[-9.26589261e-01  4.77019847e+00 -1.43756820e+03  2.29521360e+00
  9.99981845e-01]
cb5 CH3O* 3
[-3.95692385e-01 -9.48345625e-01 -1.43229537e+03 -4.55610000e-01
  9.99844464e-01]
[-9.25933341e-01  4.73907350e+00 -1.44071599e+03  2.27690920e+00
  9.99834515e-01]
cb7 CH3OH* 4
[-4.59875428e-01 -1.29175159e+00 -1.43848431e+03 -9.22410000e-01
  9.99722987e-01]
[-9.82840691e-01  4.52459082e+00 -1.44568433e+03  1.99181815e+00
  9.99960541e-01]
cbv CH4 4
[-3.92931544e-01 -6.96912404e-01 -1.43995631e+03  8.46900000e-02
  9.96681149e-01]
[-9.11680904e-01  5.01987390e+00 -1.44992286e+03  2.47878312e+00
  9.99882657e-01]
co2h CO2(h) 0
[-2.97633099e-01 -5.97647063e-01 -1.42119444e+03  3.69240000e-01
  9.98291603e-01]
[-9.81036535e-01  5.64422663e+00 -1.43245471e+03  2.69235486e+00
  9.99989644e-01]
co2h-co2v CO2(h)->CO2(v) 0
[-4.55132293e-01 -4.98915193e-01 -1.41925413e+03  8.04240000e-01
  9.99988282e-01]
[-7.97017205e-01  4.92256777e+00 -1.43095646e+03  2.85184071e+00
  9.99981311e-01]
co2v CO2(v) 0
[-5.49896487e-01 -5.83142508e-01 -1.42039309e+03  6.85540000e-01
  9.99194661e-01]
[-9.42074188e-01  5.63844900e+00 -1.43283403e+03  2.81556075e+00
  9.99982671e-01]
co2v-co_2 CO2(v)->CO 0
[-5.29073043e-01 -6.62857084e-01 -1.42028079e+03  5.15300000e-01
  9.99776765e-01]
[-9.04529214e-01  5.25560551e+00 -1.43138890e+03  2.69775092e+00
  9.99972189e-01]
co_1 CO 0
[-4.39642024e-01 -8.16643129e-01 -1.42229495e+03 -4.02000000e-03
  9.99697762e-01]
[-9.06784805e-01  4.96103736e+00 -1.43171731e+03  2.49506852e+00
  9.99996571e-01]
co_1-co2h CO->CO2(h)sol-wrong 0
[-5.11375491e-01 -7.74802681e-01 -1.41967530e+03  3.90740000e-01
  9.91404016e-01]
[-9.04529214e-01  5.25560551e+00 -1.43138890e+03  2.69775092e+00
  9.99972189e-01]
