0.0763692 0.00037639 -4.3802e-05 0.00052906 8.43e-05 0.00053064
0.152738 0.00039986 -3.3111e-05 0.00054052 8.211e-05 0.00050853
0.229108 0.00042669 -1.059e-05 0.00056181 7.424e-05 0.00047658
0.305477 0.00043333 4.28e-06 0.00056502 6.746e-05 0.00044797
0.381846 0.00040727 -3.65e-06 0.00053177 6.86e-05 0.00043431
0.458215 0.00035283 -3.747e-05 0.00046207 7.872e-05 0.00043656
0.534584 0.00028903 -8.628e-05 0.00037454 9.262e-05 0.00044467
0.610953 0.00024017 -0.00013043 0.0002975 0.00010369 0.00044567
0.687323 0.00022162 -0.000152967 0.00025257 0.00010761 0.00043104
0.763692 0.00022955 -0.00015034 0.00024056 0.00010298 0.00039938
0.840061 0.00024344 -0.00013436 0.00024121 9.23e-05 0.0003574
0.91643 0.00023939 -0.00012425 0.00022666 8.255e-05 0.00031852
0.992799 0.00020341 -0.00013578 0.00017713 8.082e-05 0.00029469
1.06917 0.00013793 -0.00017333 9.035e-05 8.811e-05 0.00028685
1.14554 6.086e-05 -0.00022709 -1.659e-05 9.903e-05 0.00028475
1.22191 -2.78e-06 -0.00027727 -0.00011482 0.00010736 0.00027588
1.29828 -3.56e-05 -0.00030563 -0.00018044 0.00010937 0.00025243
1.37465 -3.965e-05 -0.00030742 -0.00021068 0.00010342 0.00021262
1.45101 -3.512e-05 -0.0002942 -0.00022525 9.084e-05 0.00016181
1.52738 -4.664e-05 -0.00028543 -0.00025245 7.818e-05 0.00011296
1.60375 -8.92e-05 -0.00029717 -0.00031295 7.346e-05 7.922e-05
1.68012 -0.00016164 -0.00033447 -0.00041049 7.854e-05 6.254e-05
1.75649 -0.00024722 -0.0003886 -0.000529694 8.775e-05 5.234e-05
1.83286 -0.00032088 -0.00044015 -0.000641752 9.441e-05 3.562e-05
1.90923 -0.00036332 -0.00046968 -0.00072053 9.527e-05 5.12e-06
1.9856 -0.00037441 -0.00047091 -0.000760654 8.89e-05 -4.072e-05
2.06197 -0.00037364 -0.00045491 -0.000781167 7.558e-05 -9.78e-05
2.13834 -0.00038656 -0.00044173 -0.000811324 6.086e-05 -0.00015422
2.21471 -0.00042951 -0.00044793 -0.000872775 5.365e-05 -0.0001956
2.29108 -0.00050259 -0.00047903 -0.000970365 5.733e-05 -0.00021807
2.36744 -0.00059017 -0.00052728 -0.00109033 6.606e-05 -0.0002325
2.44381 -0.00066725 -0.00057392 -0.00120447 7.194e-05 -0.00025339
2.52018 -0.00071269 -0.00059849 -0.00128455 7.175e-05 -0.00028797
2.59655 -0.00072366 -0.00059248 -0.00132166 6.525e-05 -0.00033633
2.67292 -0.00071842 -0.00056583 -0.00133318 5.283e-05 -0.00039423
2.74929 -0.00072367 -0.00053943 -0.0013497 3.864e-05 -0.00045125
2.82566 -0.00075787 -0.00053151 -0.00139535 3.069e-05 -0.00049387
2.90203 -0.00082276 -0.00054864 -0.00147674 3.303e-05 -0.00051734
2.9784 -0.00090341 -0.00058334 -0.00158084 4.09e-05 -0.00053126
3.05477 -0.00097433 -0.00061641 -0.00167879 4.696e-05 -0.00054952
3.13114 -0.00101243 -0.00062617 -0.00173988 4.832e-05 -0.00057892
3.20751 -0.00101248 -0.00060266 -0.00175244 4.453e-05 -0.00061979
3.28387 -0.00099172 -0.00055525 -0.00173289 3.485e-05 -0.00066921
3.36024 -0.00097791 -0.0005056 -0.00171307 2.216e-05 -0.00071808
3.43661 -0.00099157 -0.00047315 -0.0017191 1.455e-05 -0.0007525
3.51298 -0.00103605 -0.00046554 -0.00175939 1.696e-05 -0.00076649
3.58935 -0.00109713 -0.00047586 -0.00182194 2.529e-05 -0.00076897
3.66572 -0.00114878 -0.00048428 -0.00187688 3.32e-05 -0.0007727
3.74209 -0.00116573 -0.00046692 -0.00188977 3.989e-05 -0.00078182
3.81846 -0.00114012 -0.00041175 -0.00184517 4.581e-05 -0.00079545
3.89483 -0.00108854 -0.00032849 -0.00175971 4.723e-05 -0.00081428
3.9712 -0.00104051 -0.00024116 -0.00166889 4.247e-05 -0.00083472
4.04757 -0.00101885 -0.00017103 -0.00160177 3.867e-05 -0.00084374
4.12394 -0.00102793 -0.00012571 -0.00156675 4.44e-05 -0.00083071
4.2003 -0.00105323 -9.721e-05 -0.0015503 5.984e-05 -0.00079928
4.27667 -0.0010678 -6.436e-05 -0.00152054 8.115e-05 -0.00075908
4.35304 -0.00104467 -1.04e-06 -0.0014394 0.00010962 -0.00071155
4.42941 -0.00097386 0.00010705 -0.0012873 0.00014707 -0.00065397
4.50578 -0.00087097 0.00024999 -0.00108031 0.00018724 -0.00059015
4.58215 -0.00076717 0.0004003 -0.00085884 0.00022184 -0.00052463
4.65852 -0.00068839 0.00053278 -0.00065824 0.00025294 -0.00045047
4.73489 -0.00064091 0.00063918 -0.00048852 0.00029176 -0.00035353
4.81126 -0.00060922 0.00073131 -0.00033054 0.0003493 -0.00022362
4.88763 -0.00056264 0.00083736 -0.00014136 0.00043662 -5.127e-05
4.964 -0.0004699 0.00099055 0.00012882 0.0005677 0.00017861
5.04037 -0.00031857 0.00120845 0.00050606 0.00074854 0.00047434
5.11673 -0.00012552 0.00147797 0.00097099 0.00096503 0.00082219
5.1931 7.393e-05 0.00176358 0.00147176 0.00119372 0.00119837
5.26947 0.00024989 0.00203369 0.00196259 0.00142699 0.00159789
5.34584 0.000396 0.0022824 0.002436 0.0016861 0.002048
5.42221 0.0005342 0.0025365 0.0029338 0.0020177 0.0026057
5.49858 0.0007064 0.0028482 0.003537 0.0024863 0.0033498
5.57495 0.0009541 0.0032727 0.0043316 0.0031536 0.0043576
5.65132 0.0012927 0.0038353 0.005359 0.0040433 0.0056613
5.72769 0.0016991 0.0045137 0.0065893 0.0051247 0.0072263
5.80406 0.0021292 0.0052567 0.0079495 0.006347 0.0089935
5.88043 0.0025502 0.0060277 0.0093875 0.0077002 0.0109557
5.9568 0.0029659 0.0068428 0.010928 0.0092603 0.0132135
6.03316 0.0034238 0.0077842 0.0126971 0.011202 0.0159916
6.10953 0.0040022 0.0089849 0.0149018 0.0137741 0.0196101
6.1859 0.004775 0.010578 0.017753 0.017218 0.024382
6.26227 0.005766 0.012623 0.021357 0.021653 0.030465
6.33864 0.006939 0.015087 0.025681 0.027047 0.037825
6.41501 0.00823 0.017891 0.030619 0.033313 0.046357
6.49138 0.009619 0.021023 0.036162 0.040514 0.056152
6.56775 0.011168 0.024619 0.042512 0.049002 0.067675
6.64412 0.013036 0.028987 0.050138 0.059472 0.081835
6.72049 0.015444 0.034564 0.059717 0.072876 0.09988
6.79686 0.018603 0.041798 0.071954 0.090193 0.123087
6.87323 0.022639 0.051002 0.087388 0.112148 0.152408
6.94959 0.02759 0.06234 0.10634 0.13917 0.18837
7.02596 0.03355 0.07602 0.12918 0.1717 0.23156
7.10233 0.04075 0.09252 0.1567 0.21079 0.28329
7.1787 0.04978 0.11294 0.19054 0.25858 0.34634
7.25507 0.06155 0.13895 0.23322 0.31853 0.42515
7.33144 0.07716 0.1727 0.288 0.395 0.52538
7.40781 0.09766 0.21633 0.35815 0.49245 0.65279
7.48418 0.12378 0.27149 0.44627 0.61444 0.81195
7.56055 0.15602 0.33942 0.55441 0.76377 1.00656
7.63692 0.1952 0.4218 0.6853 0.9442 1.2413
7.71329 0.2435 0.5224 0.8446 1.163 1.526
7.78966 0.3045 0.6476 1.0421 1.4333 1.8771
7.86602 0.3839 0.8074 1.292 1.7739 2.3191
7.94239 0.4886 1.0136 1.6114 2.2074 2.8806
8.01876 0.6252 1.2776 2.0168 2.7553 3.5892
8.09513 0.7997 1.6091 2.5223 3.4357 4.468
8.1715 1.0192 2.0185 3.1419 4.267 5.5406
8.24787 1.294 2.521 3.898 5.278 6.845
8.32424 1.646 3.148 4.833 6.524 8.452
8.40061 2.105 3.945 6.013 8.092 10.473
8.47698 2.71 4.972 7.518 10.085 13.04
8.55335 3.486 6.266 9.4 12.568 16.235
8.62972 4.454 7.858 11.696 15.589 20.117
8.70608 5.626 9.763 14.42 19.164 24.701
8.78245 6.863 11.78 17.269 22.901 29.472
8.85882 7.881 13.502 19.651 26.046 33.455
8.93519 8.36 14.49 20.92 27.79 35.61
9.01156 8.13 14.52 20.75 27.72 35.43
9.08793 7.25 13.74 19.34 26.15 33.3
9.1643 5.97 12.57 17.3 23.85 30.22
9.24067 4.61 11.5 15.32 21.74 27.35
9.31704 3.49 10.99 14.09 20.7 25.8
9.39341 2.78 11.26 13.93 21.07 26.01
9.46978 2.44 11.95 14.4 22.17 27.14
9.54615 2.29 12.36 14.65 22.7 27.59
9.62252 2.08 11.79 13.82 21.44 25.88
9.69888 1.64 9.89 11.48 17.81 21.32
9.77525 0.91 6.8 7.76 12.11 14.28
9.85162 -0.04 2.97 3.24 5.22 5.81
9.92799 -1.09 -1.01 -1.33 -1.72 -2.7
10.0044 -1.99 -4.49 -5.13 -7.51 -9.75
10.0807 -2.5 -6.81 -7.29 -10.94 -13.84
10.1571 -2.38 -7.35 -6.98 -10.78 -13.42
10.2335 -1.41 -5.52 -3.53 -6.11 -7.37
10.3098 0.3 -1.68 2.45 2.15 3.08
10.3862 2.23 2.86 8.97 11.19 14.36
10.4626 3.66 6.33 13.5 17.49 22.08
10.5389 4.07 7.43 14.31 18.65 23.31
10.6153 3.38 5.92 11.19 14.37 17.75
10.6917 1.84 2.41 5.14 6.08 7.23
10.7681 -0.19 -2.29 -2.62 -4.57 -6.17
10.8444 -2.43 -7.53 -11.09 -16.2 -20.73
10.9208 -4.57 -12.61 -19.22 -27.34 -34.6
10.9972 -6.21 -16.67 -25.72 -36.25 -45.56
11.0735 -7.01 -18.91 -29.35 -41.22 -51.53
11.1499 -6.76 -18.86 -29.46 -41.4 -51.45
11.2263 -5.59 -16.77 -26.42 -37.32 -46.07
11.3026 -3.98 -13.51 -21.55 -30.73 -37.66
11.379 -2.49 -10.14 -16.41 -23.72 -28.84
11.4554 -1.49 -7.38 -12.04 -17.64 -21.28
11.5317 -1.03 -5.3 -8.58 -12.63 -15.12
11.6081 -0.96 -3.76 -5.8 -8.46 -10.06
11.6845 -1.16 -2.63 -3.6 -5.02 -5.94
11.7609 -1.48 -1.79 -1.81 -2.13 -2.51
11.8372 -1.78 -1.1 -0.27 0.35 0.44
11.9136 -1.87 -0.41 1.19 2.57 3.11
11.99 -1.61 0.39 2.69 4.66 5.67
12.0663 -0.92 1.42 4.4 6.78 8.34
12.1427 0.22 2.73 6.44 9.13 11.34
12.2191 1.68 4.31 8.83 11.81 14.79
12.2954 3.37 6.16 11.67 15 18.88
12.3718 5.13 8.11 14.71 18.46 23.27
12.4482 6.63 9.77 17.27 21.33 26.89
12.5245 7.53 10.6 18.47 22.56 28.39
12.6009 7.53 10.19 17.61 21.31 26.75
12.6773 6.56 8.47 14.56 17.4 21.74
12.7537 4.78 5.62 9.67 11.27 13.95
12.83 2.52 2.09 3.65 3.77 4.44
12.9064 0.1 -1.71 -2.78 -4.24 -5.7
12.9828 -2.14 -5.37 -8.93 -11.93 -15.43
13.0591 -3.89 -8.45 -14.09 -18.46 -23.69
13.1355 -4.85 -10.58 -17.6 -23.03 -29.48
13.2119 -4.86 -11.5 -19.05 -25.15 -32.19
13.2882 -4.03 -11.24 -18.49 -24.83 -31.84
13.3646 -2.75 -10.06 -16.43 -22.56 -29.04
13.441 -1.52 -8.37 -13.6 -19.14 -24.75
13.5173 -0.69 -6.49 -10.55 -15.14 -19.69
13.5937 -0.32 -4.53 -7.48 -10.8 -14.15
13.6701 -0.24 -2.44 -4.28 -6.09 -8.1
13.7465 -0.31 -0.27 -1.02 -1.17 -1.78
13.8228 -0.4 1.92 2.24 3.78 4.58
13.8992 -0.38 4.09 5.45 8.59 10.75
13.9756 -0.24 6.02 8.27 12.77 16.1
14.0519 -0.01 7.39 10.27 15.66 19.77
14.1283 0.23 7.91 11.03 16.69 21.06
14.2047 0.38 7.49 10.4 15.7 19.76
14.281 0.38 6.27 8.62 13.04 16.38
14.3574 0.21 4.57 6.1 9.41 11.75
14.4338 -0.09 2.71 3.3 5.46 6.75
14.5101 -0.44 0.94 0.62 1.74 2.03
14.5865 -0.66 -0.48 -1.6 -1.33 -1.88
14.6629 -0.62 -1.33 -3.02 -3.31 -4.45
14.7392 -0.15 -1.38 -3.3 -3.79 -5.19
14.8156 0.79 -0.57 -2.37 -2.7 -4.02
14.892 1.95 0.76 -0.63 -0.58 -1.56
14.9684 2.9 2.03 1.14 1.61 1.04
15.0447 3.27 2.7 2.21 2.93 2.69
15.1211 2.83 2.5 2.22 2.93 2.85
15.1975 1.7 1.51 1.28 1.76 1.69
15.2738 0.09 0 -0.3 -0.19 -0.35
15.3502 -1.77 -1.78 -2.21 -2.54 -2.84
15.4266 -3.6 -3.55 -4.15 -4.9 -5.36
15.5029 -5.16 -5.06 -5.8 -6.91 -7.51
15.5793 -6.2 -6.07 -6.91 -8.27 -8.96
15.6557 -6.58 -6.43 -7.29 -8.73 -9.44
15.732 -6.29 -6.12 -6.94 -8.3 -8.97
15.8084 -5.5 -5.34 -6.04 -7.22 -7.78
15.8848 -4.541 -4.374 -4.95 -5.893 -6.337
15.9612 -3.623 -3.462 -3.92 -4.647 -4.986
16.0375 -2.87 -2.72 -3.09 -3.65 -3.91
16.1139 -2.24 -2.12 -2.42 -2.84 -3.05
16.1903 -1.75 -1.65 -1.91 -2.23 -2.4
16.2666 -1.36 -1.29 -1.51 -1.76 -1.9
16.343 -1.04 -0.98 -1.15 -1.35 -1.46
16.4194 -0.77 -0.7 -0.8 -0.93 -1
16.4957 -0.52 -0.41 -0.43 -0.47 -0.47
16.5721 -0.3 -0.13 -0.04 0.01 0.09
16.6485 -0.13 0.11 0.3 0.45 0.6
16.7248 0.01 0.31 0.57 0.79 1.01
16.8012 0.11 0.44 0.72 0.99 1.25
16.8776 0.14 0.45 0.73 1 1.24
16.954 0.14 0.38 0.6 0.81 1
17.0303 0.1 0.24 0.37 0.5 0.61
17.1067 0.04 0.07 0.1 0.14 0.18
17.1831 0 -0.06 -0.09 -0.13 -0.15
17.2594 -0.03 -0.11 -0.17 -0.23 -0.28
17.3358 -0.03 -0.07 -0.1 -0.12 -0.13
17.4122 0 0.05 0.11 0.17 0.23
17.4885 0.03 0.22 0.39 0.55 0.72
17.5649 0.06 0.39 0.67 0.94 1.2
17.6413 0.09 0.51 0.88 1.23 1.57
17.7176 0.1 0.58 0.99 1.38 1.75
17.794 0.1 0.57 0.97 1.35 1.71
17.8704 0.1 0.49 0.83 1.15 1.47
17.9468 0.07 0.34 0.59 0.82 1.05
18.0231 0.04 0.17 0.31 0.43 0.55
18.0995 0 0.01 0.04 0.06 0.09
18.1759 -0.02 -0.08 -0.12 -0.17 -0.2
18.2522 0 -0.08 -0.14 -0.19 -0.23
18.3286 0.04 0 0 -0.01 -0.02
18.405 0.09 0.15 0.22 0.3 0.37
18.4813 0.13 0.3 0.47 0.64 0.79
18.5577 0.14 0.41 0.66 0.9 1.12
18.6341 0.12 0.45 0.73 1 1.26
18.7104 0.07 0.39 0.67 0.92 1.17
18.7868 -0.06 0.23 0.44 0.64 0.84
18.8632 -0.23 -0.01 0.11 0.23 0.35
18.9396 -0.44 -0.28 -0.27 -0.26 -0.23
19.0159 -0.7 -0.6 -0.7 -0.78 -0.83
19.0923 -0.98 -0.9 -1.11 -1.26 -1.38
19.1687 -1.31 -1.22 -1.51 -1.72 -1.89
19.245 -1.68 -1.56 -1.93 -2.2 -2.41
19.3214 -2.15 -2 -2.44 -2.79 -3.05
19.3978 -2.75 -2.56 -3.1 -3.56 -3.88
19.4741 -3.493 -3.272 -3.931 -4.535 -4.943
19.5505 -4.398 -4.151 -4.975 -5.764 -6.291
19.6269 -5.452 -5.182 -6.206 -7.217 -7.892
19.7032 -6.47 -6.18 -7.4 -8.63 -9.45
19.7796 -7.15 -6.85 -8.21 -9.58 -10.5
19.856 -7.22 -6.92 -8.29 -9.67 -10.61
19.9324 -6.52 -6.24 -7.49 -8.71 -9.57
20.0087 -5.12 -4.88 -5.89 -6.81 -7.49
20.0851 -3.26 -3.08 -3.77 -4.28 -4.73
20.1615 -1.21 -1.1 -1.43 -1.5 -1.69
20.2378 0.76 0.8 0.77 1.15 1.18
20.3142 2.36 2.31 2.5 3.23 3.42
20.3906 3.34 3.17 3.41 4.36 4.57
20.4669 3.48 3.13 3.19 4.11 4.18
20.5433 2.79 2.22 1.89 2.55 2.3
20.6197 1.59 0.82 0.01 0.3 -0.33
20.696 0.34 -0.43 -1.63 -1.63 -2.54
20.7724 -0.56 -1.06 -2.39 -2.44 -3.37
20.8488 -0.97 -0.86 -2.01 -1.78 -2.43
20.9252 -1.02 0.02 -0.71 0.1 0
21.0015 -0.88 1.34 1.18 2.79 3.44
21.0779 -0.73 2.89 3.35 5.93 7.41
21.1543 -0.71 4.41 5.45 9.07 11.42
21.2306 -0.87 5.66 7.14 11.71 14.8
21.307 -1.15 6.39 8.07 13.29 16.84
21.3834 -1.42 6.37 8 13.32 16.92
21.4597 -1.57 5.58 6.87 11.68 14.85
21.5361 -1.5 4.19 4.94 8.69 11
21.6125 -1.2 2.45 2.53 4.84 6.04
21.6888 -0.69 0.62 -0.03 0.66 0.62
21.7652 -0.09 -1.2 -2.61 -3.59 -4.89
21.8416 0.39 -3.02 -5.26 -7.85 -10.41
21.918 0.58 -4.81 -7.96 -11.98 -15.74
21.9943 0.23 -6.6 -10.82 -15.97 -20.85
22.0707 -0.82 -8.46 -13.92 -19.89 -25.78
22.1471 -2.36 -10.15 -16.88 -23.27 -29.98
22.2234 -3.86 -11.23 -18.86 -25.27 -32.42
22.2998 -4.68 -11.23 -19 -24.99 -32
22.3762 -4.44 -9.9 -16.84 -21.98 -28.18
22.4525 -3.15 -7.35 -12.51 -16.45 -21.17
22.5289 -1.06 -3.89 -6.59 -9.06 -11.85
22.6053 1.46 0 0.15 -0.75 -1.34
22.6816 4.08 3.92 6.96 7.61 9.23
22.758 6.4 7.38 13.04 15.08 18.71
22.8344 8.03 9.93 17.58 20.72 25.9
22.9108 8.69 11.18 19.93 23.74 29.79
22.9871 8.26 11.02 19.87 23.9 30.07
23.0635 6.94 9.69 17.82 21.66 27.31
23.1399 5.1 7.69 14.65 18.09 22.83
23.2162 3.14 5.56 11.29 14.3 18.03
23.2926 1.35 3.64 8.31 10.96 13.78
23.369 -0.15 2.04 5.83 8.16 10.21
23.4453 -1.22 0.76 3.76 5.75 7.14
23.5217 -1.78 -0.17 2.09 3.62 4.47
23.5981 -1.88 -0.84 0.65 1.58 1.96
23.6744 -1.65 -1.4 -0.73 -0.57 -0.63
23.7508 -1.24 -1.97 -2.19 -2.96 -3.5
23.8272 -0.86 -2.73 -3.94 -5.77 -6.89
23.9035 -0.63 -3.79 -6.13 -9.16 -11.02
23.9799 -0.74 -5.33 -8.93 -13.35 -16.17
24.0563 -1.29 -7.45 -12.49 -18.44 -22.51
24.1327 -2.41 -10.32 -16.99 -24.7 -30.38
24.209 -3.92 -13.59 -21.97 -31.53 -39.07
24.2854 -5.37 -16.43 -26.18 -37.28 -46.51
24.3618 -6.22 -17.82 -28.09 -39.89 -50.09
24.4381 -6.09 -17.07 -26.68 -37.99 -48.03
24.5145 -4.99 -14.22 -21.98 -31.6 -40.27
24.5909 -3.2 -9.89 -14.94 -21.97 -28.36
24.6672 -1.07 -4.89 -6.77 -10.79 -14.45
24.7436 1.08 0.02 1.39 0.32 -0.56
24.82 2.96 4.2 8.56 10.03 11.59
24.8963 4.3 7.01 13.75 16.94 20.26
24.9727 4.76 7.65 15.75 19.38 23.3
25.0491 4.18 5.78 13.92 16.45 19.58
25.1255 2.77 2.01 8.96 9.21 10.38
25.2018 1.04 -2.21 2.79 0.47 -0.74
25.2782 -0.47 -5.35 -2.38 -6.57 -9.63
25.3546 -1.4 -6.49 -5.14 -9.83 -13.63
25.4309 -1.76 -5.66 -5.35 -9.17 -12.51
25.5073 -1.75 -3.48 -3.78 -5.71 -7.72
25.5837 -1.54 -0.5 -1.07 -0.5 -0.67
25.66 -1.3 2.69 2.04 5.32 7.18
25.7364 -1.14 5.55 4.92 10.72 14.47
25.8128 -1.05 7.65 7.1 14.8 20.02
25.8891 -0.92 8.79 8.38 17.1 23.16
25.9655 -0.62 9.06 8.92 17.72 24.01
26.0419 0.03 8.92 9.27 17.48 23.6
26.1183 1.11 8.99 10.08 17.53 23.41
26.1946 2.66 9.77 11.89 18.83 24.75
26.271 4.56 11.29 14.68 21.52 27.85
26.3474 6.5 13.12 17.81 24.82 31.77
26.4237 8.11 14.72 20.53 27.77 35.3
26.5001 9.07 15.59 22.1 29.4 37.24
26.5765 9.15 15.33 21.98 29 36.7
26.6528 8.414 13.992 20.224 26.611 33.685
26.7292 7.161 11.956 17.417 22.917 29.046
26.8056 5.775 9.755 14.323 18.879 23.966
26.8819 4.539 7.787 11.526 15.226 19.36
26.9583 3.54 6.177 9.219 12.205 15.546
27.0347 2.741 4.875 7.337 9.737 12.425
27.1111 2.129 3.859 5.855 7.787 9.954
27.1874 1.667 3.073 4.698 6.258 8.014
27.2638 1.3119 2.4542 3.7796 5.039 6.4657
27.3402 1.0332 1.9569 3.0364 4.0488 5.2057
27.4165 0.8117 1.5539 2.43 3.2382 4.1728
27.4929 0.6366 1.2304 1.9395 2.5813 3.3339
27.5693 0.501 0.976 1.5505 2.0591 2.6655
27.6456 0.3976 0.7792 1.2466 1.6507 2.1413
27.722 0.3194 0.6275 1.0101 1.3326 1.7316
27.7984 0.2592 0.5089 0.8235 1.0819 1.4075
27.8747 0.2114 0.4139 0.673 0.8801 1.1459
27.9511 0.17251 0.33615 0.54972 0.71502 0.93152
28.0275 0.14067 0.27241 0.44836 0.57958 0.75543
28.1039 0.1149 0.22089 0.36607 0.46979 0.61266
28.1802 0.09449 0.18008 0.3004 0.38234 0.49894
28.2566 0.07847 0.14809 0.24839 0.3133 0.40918
28.333 0.06572 0.12268 0.20663 0.25822 0.3376
28.4093 0.05516 0.10183 0.17212 0.21308 0.27898
28.4857 0.04601 0.08406 0.14271 0.17497 0.22956
28.5621 0.038 0.06872 0.11741 0.14242 0.18739
28.6384 0.03114 0.055724 0.096004 0.115011 0.15185
28.7148 0.025526 0.045156 0.078527 0.092689 0.122852
28.7912 0.021146 0.036936 0.064755 0.075153 0.09997
28.8675 0.017788 0.030665 0.054033 0.061599 0.082177
28.9439 0.015135 0.025768 0.045482 0.050944 0.068105
29.0203 0.0129 0.021716 0.038319 0.042201 0.056508
29.0967 0.010912 0.01817 0.032053 0.034715 0.046557
29.173 0.009125 0.015012 0.026515 0.028206 0.037893
29.2494 0.007577 0.01229 0.021763 0.022675 0.030511
29.3258 0.0063236 0.0100976 0.0179026 0.0182146 0.0245186
29.4021 0.0053583 0.0084441 0.0149153 0.0148013 0.019883
29.4785 0.0046098 0.0072259 0.0126186 0.0122472 0.0163611
29.5549 0.0039766 0.0062757 0.010752 0.0102743 0.0136031
29.6312 0.0033814 0.0054428 0.0090967 0.0086374 0.0113018
29.7076 0.0027961 0.0046437 0.007543 0.0071884 0.0092703
29.784 0.0022383 0.0038727 0.006093 0.0058823 0.0074481
29.8603 0.0017504 0.003181 0.0048191 0.0047496 0.0058667
29.9367 0.0013656 0.0026273 0.0037924 0.0038396 0.0045808
30.0131 0.0010809 0.00223 0.0030201 0.0031614 0.0035971
30.0895 0.0008565 0.0019538 0.0024344 0.0026693 0.0028571
30.1658 0.0006427 0.0017345 0.0019352 0.0022934 0.002276
30.2422 0.00040797 0.00151366 0.00144296 0.00197316 0.00178306
30.3186 0.00015052 0.00126206 0.00092803 0.00167273 0.00133554
30.3949 -0.00010466 0.00098887 0.00041418 0.00138413 0.00092105
30.4713 -0.00032148 0.00073256 -4.254e-05 0.00112346 0.00055312
30.5477 -0.00047556 0.00053316 -0.00039364 0.00091115 0.00025029
30.624 -0.00057167 0.00040415 -0.00063362 0.0007504 1.238e-05
30.7004 -0.00064052 0.00032655 -0.00080145 0.00062739 -0.00017752
30.7768 -0.00071779 0.00026497 -0.00095163 0.0005276 -0.00033296
30.8531 -0.00082398 0.000187 -0.00112454 0.00044232 -0.00045871
30.9295 -0.00095648 7.657e-05 -0.00133186 0.00036363 -0.00056119
31.0059 -0.00109247 -5.831e-05 -0.0015533 0.00028574 -0.0006496
31.0823 -0.00120038 -0.00018868 -0.00174627 0.00021139 -0.00072679
31.1586 -0.00125872 -0.00028336 -0.00187297 0.00014706 -0.00079148
31.235 -0.00127108 -0.00033073 -0.0019278 9.219e-05 -0.00084829
31.3114 -0.00126379 -0.00034404 -0.00193943 4.102e-05 -0.00090363
31.3877 -0.00126781 -0.00034951 -0.00194827 -6.29e-06 -0.00095253
31.4641 -0.00130122 -0.00037156 -0.00198371 -4.408e-05 -0.00098176
31.5405 -0.00136228 -0.00042292 -0.00205392 -7.198e-05 -0.00098731
31.6168 -0.00143109 -0.00049781 -0.00214279 -9.624e-05 -0.00097847
31.6932 -0.00147865 -0.00057254 -0.00221509 -0.00012043 -0.0009655
31.7696 -0.00148343 -0.00061974 -0.00223692 -0.00014354 -0.00095362
31.8459 -0.00144669 -0.00062764 -0.00220063 -0.00016704 -0.00094832
31.9223 -0.00139202 -0.0006067 -0.00212994 -0.00019465 -0.00095347
31.9987 -0.00134908 -0.00058014 -0.00206123 -0.00022399 -0.00096147
32.0751 -0.00133604 -0.00057 -0.00202146 -0.00024635 -0.00095559
32.1514 -0.00135218 -0.0005876 -0.00201771 -0.00025722 -0.00092671
32.2278 -0.00137949 -0.00062798 -0.00203542 -0.00026081 -0.00088122
32.3042 -0.00139088 -0.00067054 -0.00204347 -0.00026314 -0.00083193
32.3805 -0.00136502 -0.00069074 -0.00201101 -0.00026733 -0.00078882
32.4569 -0.00130093 -0.00067674 -0.001929 -0.00027613 -0.0007588
32.5333 -0.00121926 -0.0006365 -0.00181671 -0.00029168 -0.00074374
32.6096 -0.00114824 -0.0005907 -0.00170713 -0.00031005 -0.00073431
32.686 -0.00110674 -0.00056036 -0.00162675 -0.00032209 -0.00071354
32.7624 -0.00109593 -0.00055711 -0.00158401 -0.00032264 -0.00067159
32.8387 -0.00109988 -0.00057725 -0.00156646 -0.00031511 -0.0006136
32.9151 -0.00109283 -0.000602 -0.00154524 -0.00030581 -0.00055222
32.9915 -0.00105309 -0.00060802 -0.0014904 -0.00029895 -0.00049847
33.0678 -0.00097745 -0.00058304 -0.00139125 -0.00029797 -0.00045991
33.1442 -0.00088405 -0.00053342 -0.00126398 -0.00030495 -0.00043841
33.2206 -0.00079999 -0.00047824 -0.00113936 -0.00031586 -0.00042465
33.297 -0.00074462 -0.00043747 -0.00104333 -0.00032096 -0.00040125
33.3733 -0.00072075 -0.00042274 -0.000985327 -0.00031416 -0.00035726
33.4497 -0.00071461 -0.00043188 -0.000955289 -0.00029869 -0.00029736
33.5261 -0.00070209 -0.00044836 -0.00092706 -0.00028201 -0.0002352
33.6024 -0.00066108 -0.00044978 -0.000871394 -0.00026916 -0.00018252
33.6788 -0.00058587 -0.00042259 -0.000775074 -0.00026266 -0.00014573
33.7552 -0.00049192 -0.00037103 -0.00065073 -0.0002636 -0.00012546
33.8315 -0.00040548 -0.00031316 -0.00052758 -0.0002686 -0.00011338
33.9079 -0.00034703 -0.00026914 -0.00043245 -0.00026929 -9.397e-05
33.9843 -0.00032106 -0.000251 -0.00037625 -0.0002593 -5.602e-05
34.0606 -0.00031527 -0.00025712 -0.00035014 -0.00024031 -2.15e-06
34.137 -0.00030651 -0.00027216 -0.00032935 -0.00021936 5.482e-05
34.2134 -0.00027248 -0.00027476 -0.00028539 -0.00020243 0.00010224
34.2898 -0.00020562 -0.00025083 -0.00020368 -0.00019256 0.0001331
34.3661 -0.00011903 -0.0002029 -9.397e-05 -0.00019036 0.00014725
34.4425 -3.808e-05 -0.00014785 1.633e-05 -0.00019246 0.00015294
34.5189 1.58e-05 -0.00010581 9.996e-05 -0.00019125 0.00016469
34.5952 3.642e-05 -8.944e-05 0.00014434 -0.00018043 0.00019353
34.6716 3.485e-05 -9.77e-05 0.00015685 -0.00016061 0.00023816
34.748 3.354e-05 -0.00011615 0.0001612 -0.00013818 0.00028675
34.8243 5.49e-05 -0.00012425 0.00018544 -0.00011968 0.00032619
34.9007 0.00010787 -0.00010767 0.00024519 -0.00010887 0.00034865
34.9771 0.0001814 -6.748e-05 0.00033306 -0.00010629 0.00035399
35.0534 0.00025151 -1.901e-05 0.00042375 -0.00010812 0.00035084
35.1298 0.00029619 1.784e-05 0.00048999 -0.00010689 0.00035347
35.2062 0.00030744 2.962e-05 0.0005174 -9.659e-05 0.00037252
35.2826 0.00029445 1.612e-05 0.00051121 -7.775e-05 0.00040684
35.3589 0.00027889 -9.07e-06 0.00049386 -5.63e-05 0.00044529
35.4353 0.00028376 -2.559e-05 0.00049372 -3.846e-05 0.00047527
35.5117 0.00031964 -1.846e-05 0.00052793 -2.804e-05 0.00048894
35.588 0.00037734 1.232e-05 0.0005911 -2.598e-05 0.00048563
35.6644 0.00043372 5.235e-05 0.00065913 -2.894e-05 0.0004732
35.7408 0.00046626 8.192e-05 0.00070461 -2.966e-05 0.00046557
35.8171 0.00046542 8.709e-05 0.00071192 -2.179e-05 0.00047377
35.8935 0.00043876 6.668e-05 0.00068451 -5.31e-06 0.00049739
35.9699 0.00040709 3.336e-05 0.00064348 1.408e-05 0.00052565
36.0462 0.000393814 7.164e-06 0.000617104 3.0004e-05 0.000545864
36.1226 0.000411109 3.674e-06 0.000624089 3.8549e-05 0.000550049
36.199 0.00045159 2.415e-05 0.00066115 3.873e-05 0.0005374
36.2754 0.00049302 5.51e-05 0.00070546 3.356e-05 0.00051532
36.3517 0.00051239 7.698e-05 0.0007294 3.006e-05 0.00049733
36.4281 0.00049864 7.521e-05 0.00071596 3.479e-05 0.0004947
36.5045 0.00045767 4.762e-05 0.00066682 4.821e-05 0.00050765
36.5808 0.00040938 5.93e-06 0.00060174 6.481e-05 0.00052566
36.6572 0.0003777 -2.9971e-05 0.00054908 7.817e-05 0.00053602
