1c2
-0.6378499374710322 -3.3020001095194313 -1419.001711033031 -1.3331775100000005 -0.9231454300000004 0.9998225348871865
-0.637774792746469 -3.3032504101364624 -1419.0028272831694 -1.3331775100000005 -0.9231454300000004 0.9998225625891242
1c2-c3
-0.7479793851939 -3.52925684678065 -1416.790898907018 -1.3727662300000008 -0.8460634500000008 0.9995350436741834
-0.7480000769255385 -3.5307900559632306 -1416.7920806633479 -1.3727662300000008 -0.8460634500000008 0.9995351914904277
1c3
-0.5593706283018024 -3.1726218128361334 -1427.523413475952 -1.4193671400000007 -1.0128710400000003 0.9999442514129026
-0.5592023744853482 -3.1736080628459 -1427.5244839215798 -1.4193671400000007 -1.0128710400000003 0.9999442615274017
1c3-c4
-0.7027409589588413 -3.4145561494968124 -1425.0781383258602 -1.4191600200000005 -0.886559580000001 0.9999857371410074
-0.7026692639447755 -3.415834728983145 -1425.0792231958683 -1.4191600200000005 -0.886559580000001 0.9999857454073326
1ca0
-0.7018532101383251 -3.512226451708499 -1418.0818267948093 -1.2459995000000008 -0.8572123700000001 0.9999996185212547
-0.7018122246259008 -3.513666479233243 -1418.0829857649217 -1.2459995000000008 -0.8572123700000001 0.9999996176826774
1ca0-ca1
-2179.778192896894 -247.34217432422696 -1419.2896770583295 -0.0728032100000009 -0.04410564000000061 0.5567570872208483
-2178.3634403409 -247.1812485754977 -1419.2855917699821 -0.0728032100000009 -0.04410564000000061 0.5567600216182863
1ca1
-0.7419468779836446 -3.6174236247479876 -1424.4599643346858 -1.3159174400000007 -0.8224944700000005 0.9999370421300721
-0.7420157611667327 -3.6191954643407755 -1424.461272533616 -1.3159174400000007 -0.8224944700000005 0.9999373270114078
1ca1-ca4
-0.6556286181450289 -3.3106701779464234 -1424.186034295901 -1.2849264400000004 -0.7681048100000005 0.9999482862408685
-0.655536456666796 -3.3120256650210464 -1424.1870219584634 -1.2849264400000004 -0.7681048100000005 0.9999483105425062
1ca4
-0.6207362379567208 -3.2604497951921685 -1432.1968609366022 -1.2413928300000006 -0.8416233500000008 0.9999959244981662
-0.620640171396687 -3.2617405769427563 -1432.19790932783 -1.2413928300000006 -0.8416233500000008 0.9999959248321222
1ca4-ca6
-0.76729168776732 -3.5076415914054264 -1430.3722542140256 -1.3938145400000006 -0.8517106100000005 0.9999046438127316
-0.7672788204672736 -3.509046028158927 -1430.3733540960288 -1.3938145400000006 -0.8517106100000005 0.9999046797089642
1cb1
-0.0885404103389945 -2.201987537712233 -1425.1060198338275 -1.1978242200000007 -0.9908892000000007 0.9999771836733296
-0.08815967044855642 -2.20256621411236 -1425.1068654029675 -1.1978242200000007 -0.9908892000000007 0.9999771922694579
1cb1-cb3
-0.9978474197300393 -3.953761780882737 -1423.136616636425 -1.2640069299999999 -0.7417070500000005 0.9999567784703873
-0.9979804550491097 -3.9555725160380937 -1423.1377782654838 -1.2640069299999999 -0.7417070500000005 0.999956781569405
1cb3
-0.6393599303261459 -3.165228491520897 -1433.9813036571063 -1.1697011400000008 -0.753090170000001 0.9998924362321158
-0.6393149679778726 -3.1666104876929526 -1433.9822626846158 -1.1697011400000008 -0.753090170000001 0.99989245009117
1cb3-ca6
-0.8262780253479769 -3.71628437307178 -1432.6308973713988 -1.40779881 -0.8756090900000002 0.9998161451647735
-0.8263153502900714 -3.7178296008239777 -1432.6321212455732 -1.40779881 -0.8756090900000002 0.9998162169441213
1cb3-cb5
0.28795846665676644 -1.5419925725595607 -1432.0135501470438 -1.2406099100000008 -0.9989114300000006 0.999243517832728
0.28838918132486263 -1.5426524733785465 -1432.0144371514386 -1.2406099100000008 -0.9989114300000006 0.9992436210321183
1cb5
-0.45381585281614834 -2.877294289519441 -1444.0860533146251 -1.6105033900000003 -1.0760185800000008 0.9999980898465648
-0.4535890370918985 -2.8780357075915433 -1444.0870140086226 -1.6105033900000003 -1.0760185800000008 0.9999980843898876
1cb5-cb7
-0.7578171038714403 -3.6586226951838765 -1443.3364260149995 -1.6326088700000003 -1.0845140400000006 0.9999250200326185
-0.7577835502438314 -3.6598485756683012 -1443.337696538271 -1.6326088700000003 -1.0845140400000006 0.9999250436779766
1cb5-cbv
-0.9578302980092153 -4.039977309394676 -1441.5374946856653 -1.207092010000001 -0.9429230500000001 0.999944134957054
-0.9580831451826064 -4.042008391277202 -1441.538978023205 -1.207092010000001 -0.9429230500000001 0.9999441544923909
1cb6
-0.8114920346309338 -3.8594385635170707 -1441.6468153594815 -1.5696133900000007 -1.1866182700000003 0.9999364309549882
-0.8114895447157816 -3.8608419051945746 -1441.6481896095597 -1.5696133900000007 -1.1866182700000003 0.9999364722060559
1cb6-cb7
-1.006332721878179 -4.4790006395282385 -1440.3327874936926 -1.6341057 -1.12170179 0.9998720274444836
-1.0064985236803556 -4.480850898589615 -1440.334554978286 -1.6341057 -1.12170179 0.9998720437097752
2c1
-1.1461936532238097 -4.766556166841269 -1417.1266342795268 -1.4121444700000003 -0.9371497500000006 0.9998722429275414
-1.1461815898606145 -4.768121694575776 -1417.128009143242 -1.4121444700000003 -0.9371497500000006 0.9998724342452546
2c1-1c2
-0.8465615445907781 -3.9421250784080737 -1416.2599529599297 -1.4612524800000006 -0.9579585399999999 0.9999822075566739
-0.8465896926389561 -3.943691316421382 -1416.2613257646342 -1.4612524800000006 -0.9579585399999999 0.9999822139610672
c3
-0.8679807235065471 -3.768798439979648 -1420.1821179360713 -1.3400654700000008 -0.81736297 0.9999655669086328
-0.8680360086806581 -3.7704231727020505 -1420.1833031934161 -1.3400654700000008 -0.81736297 0.9999655776429125
c4
-1.1139183500835312 -4.411690801397453 -1428.7932328972279 -1.480658410000001 -1.0753606300000005 0.9999863428127458
-1.114173017067143 -4.413713218077793 -1428.7948081921554 -1.480658410000001 -1.0753606300000005 0.9999863431232555
ca0
-0.91395509221562 -3.795922682662029 -1410.402584729986 -1.1695076900000005 -0.6684050400000001 0.9999857867389689
-0.9140281536528251 -3.7976971564115645 -1410.4036279679003 -1.1695076900000005 -0.6684050400000001 0.9999857899898291
ca1
-1.1710346594712777 -4.165674217369215 -1416.860259094597 -1.0888112300000001 -0.5914058100000004 0.9998191541050834
-1.1711971813627409 -4.16763532068772 -1416.8612467204568 -1.0888112300000001 -0.5914058100000004 0.9998192323154447
ca4
-0.8130927785271517 -3.462832374737938 -1424.337001957121 -1.137206710000001 -0.6152119800000007 0.9999709965781751
-0.8131202300848644 -3.4644696250596843 -1424.3378856817635 -1.137206710000001 -0.6152119800000007 0.999970995825006
ca6
-0.7451682105126949 -3.4637362102142846 -1433.702856586093 -1.3852257200000002 -0.8466136000000004 0.9998954558289774
-0.7451531221615327 -3.4651515198968017 -1433.7039615148378 -1.3852257200000002 -0.8466136000000004 0.9998954796912495
cb1
-0.012759354375718205 -2.163752292599699 -1417.1323147408905 -1.0766926000000003 -0.8200144500000004 0.9999993554148259
-0.012149964582660858 -2.164181028013687 -1417.1328600039283 -1.0766926000000003 -0.8200144500000004 0.9999993570376416
cb3
-0.7207024471167196 -3.1972148227719166 -1426.186854725337 -1.0726073500000002 -0.4930995900000008 0.9998857585258061
-0.7206750454443387 -3.1987541202887098 -1426.187576446058 -1.0726073500000002 -0.4930995900000008 0.999885787999056
cb5
-0.7077808303134276 -3.405730647776439 -1436.6942468125299 -1.4159013100000006 -0.8745024800000003 0.9997009380541776
-0.7077556241353314 -3.407098625156042 -1436.6953597836643 -1.4159013100000006 -0.8745024800000003 0.9997010855334039
cb7
-0.7454652210821324 -3.660325359648282 -1443.6014656153018 -1.7035063900000003 -1.15101815 0.9999852098768638
-0.7454611713238387 -3.6615891799943268 -1443.6028294446153 -1.7035063900000003 -1.15101815 0.9999852200391085
cbv
-0.7415681414041001 -3.33536234139648 -1444.7676108750438 -1.1991302900000007 -0.6639831200000001 0.9997648257443186
-0.7415674078344894 -3.333824190379252 -1444.766698005601 -1.1991302900000007 -0.6639831200000001 0.9997647721296639
ch2op
-0.8776495780582892 -3.697052904345717 -1442.509673116993 -1.29267604 -0.7568764400000001 0.9997910275076656
-0.877577227668209 -3.69540918360623 -1442.5085741332182 -1.29267604 -0.7568764400000001 0.9997909558913243
ch3ohp
-0.8328635407720946 -3.6184479871855584 -1458.8792767925547 -1.2455787200000001 -0.7754365500000007 0.9998841143288973
-0.8328816538996571 -3.6169915425280754 -1458.878245472046 -1.2455787200000001 -0.7754365500000007 0.9998840239547508
cloh
314.83867264385003 69.80028887734535 -1414.5965093849998 -0.09670345999999963 -0.04331156000000025 0.9226571739776883
314.6112078737704 69.75269891119495 -1414.5992472895207 -0.09670345999999963 -0.04331156000000025 0.9226575346524848
co2p
-0.9026854611960734 -3.1449804485944757 -1441.264037696301 -0.7269941200000005 -0.19832114 0.9999655354496026
-0.9025920149013439 -3.1431445682452557 -1441.2638016572316 -0.7269941200000005 -0.19832114 0.9999655178520546
deO-ts
-0.5057439058476632 -3.1494169893274746 -1439.5085862872124 -1.7179305700000005 -1.3483035700000006 0.9999777367950275
-0.5057493523500078 -3.148054471031431 -1439.5070178962042 -1.7179305700000005 -1.3483035700000006 0.9999777171426215
deo-ca4
-0.9217187086071563 -3.6331716117533523 -1424.3867978356386 -1.1406168700000006 -0.6119216999999999 0.999916312580232
-0.9216174018781405 -3.6314140462803914 -1424.3858712379247 -1.1406168700000006 -0.6119216999999999 0.9999162675017362
dsur5l
-0.9046404711224844 -4.223821194064611 -1381.8277169300657 -1.5954714 -1.0910912500000007 0.999998864012051
-0.9045953374872141 -4.222269632793153 -1381.8261761578387 -1.5954714 -1.0910912500000007 0.9999988635004595
dsur5l_h
-0.7739141334752702 -4.011700795595867 -1389.233670297328 -1.7566378 -1.3902630500000006 0.9999225818977743
-0.7739036931987436 -4.013048090555582 -1389.2352875794847 -1.7566378 -1.3902630500000006 0.9999226315012769
psur5l
-0.7127014897299435 -3.310801646000853 -1396.699423104143 -1.1599394700000003 -0.6381427500000001 0.9999863709816722
-0.7127478136539649 -3.3093023383517695 -1396.6985593698432 -1.1599394700000003 -0.6381427500000001 0.9999863693076116
co2h
-0.5962443452639106 -3.0887537905928193 -1425.4597920742478 -0.8513573700000006 -0.46035486000000025 0.9999772967844098
-0.5961206839006172 -3.090288922956427 -1425.4604085888488 -0.8513573700000006 -0.46035486000000025 0.999977300225998
co2h-co2v
-1.2092376632563677 -3.63693987180546 -1424.1708209701712 -0.8155598600000005 -0.300840710000001 0.9997822705523529
-1.2095183441063315 -3.639003995352708 -1424.1712897356017 -0.8155598600000005 -0.300840710000001 0.9997822955318115
co2v
-0.7749288064895274 -3.2307616485603794 -1425.2200137827751 -0.8477616900000005 -0.3371607500000007 0.9999775905608372
-0.7749080607442355 -3.232498934622425 -1425.220482159883 -0.8477616900000005 -0.3371607500000007 0.999977599019278
co2v-co_2
-0.692056002782255 -3.14034917315667 -1424.8689968476979 -0.9774534200000007 -0.4549509200000008 0.9998903192071434
-0.6919761470225978 -3.141888836646985 -1424.8695946294206 -0.9774534200000007 -0.4549509200000008 0.9998903402242642
co_1
-0.661488176219444 -3.1363385388652856 -1426.558309218419 -1.20357293 -0.6576685200000005 0.9999641364489222
-0.6615520856246995 -3.1349561085887467 -1426.5574828883637 -1.20357293 -0.6576685200000005 0.9999641198715632
deo-f
-1.0756280965777665 -3.3021820556488857 -1431.016166061904 -2.4925991800000005 -1.8179305900000005 0.9998704602333837
-1.0754667199122596 -3.3004826526123825 -1431.0164482408284 -2.4925991800000005 -1.8179305900000005 0.999870755692607
deo-ts
-0.8475378176873861 -3.57788190785437 -1431.389879751079 -1.2970028900000008 -0.7541068700000002 0.9999702651218265
-0.8474635293997133 -3.5762656840248064 -1431.3888114863373 -1.2970028900000008 -0.7541068700000002 0.9999702602714041
ch4
0 0 -48.02 10 -10 1
0 0 -48.02 10 -10 1
co
0 0 -29.6 10 -10 1
0 0 -29.6 10 -10 1
ch3oh
0 0 -60.82 10 -10  1
0 0 -60.82 10 -10  1
co2 
0 0 -46.18 10 -10  1
0 0 -46.18 10 -10  1
ch2o 
0 0 -44.60 10 -10  1
0 0 -44.60 10 -10  1
dummy
0 0 0 0 0 0 
0 0 0 0 0 0
dummy1
1 2 1 0 0 0
1 2 1 0 0 0 
dummy2
2 4 2 0 0 0
2 4 2 0 0 0 