1c2
0.33729997298141995 -8.150608272716804 -1399.832211549351 2.20474543 0.9998626561050569
0.33462921911446214 -8.102505107557151 -1399.9279801251075 2.20474543 0.9998626992507623
1c2-c3
0.02967600638477084 -7.118685555982009 -1397.9234473081547 2.2818634499999995 0.999690001840207
0.02925121373784462 -7.077776307767585 -1398.0172633920947 2.2818634499999995 0.9996899342879816
1c3
0.6252024842101012 -9.170550115100621 -1407.9420059186402 2.1160710399999996 0.9999625041954736
0.6213605683986432 -9.11908512239181 -1408.0363558539887 2.1160710399999996 0.9999625345139035
1c3-c4
0.182426938148699 -7.555817224040173 -1406.2389270535305 2.2423595799999996 0.9999913267261877
0.18075320527383973 -7.511172187211072 -1406.3333800703167 2.2423595799999996 0.9999913189645485
1ca0
0.15197229343644325 -7.890340521410235 -1398.0284850181151 2.28261237 0.9999995967148918
0.15099936033225383 -7.846080314130411 -1398.127223399899 2.28261237 0.9999996030864996
1ca1
-0.06278899034226637 -7.2949864804969105 -1404.406045553261 2.3182944699999997 0.9998660727781936
-0.06102924020196474 -7.259482664038743 -1404.5005135583879 2.3182944699999997 0.9998685237181785
1ca1-ca4
0.3528417209169865 -8.697862035903386 -1403.039210475889 2.37270481 0.9999690925132061
0.35035887811142674 -8.646676738356545 -1403.149523976219 2.37270481 0.999969065770981
1ca4
0.40844735780822994 -8.755838231863065 -1411.5726523111177 2.3002233499999996 0.9999954062404229
0.4055474520575957 -8.704393126725348 -1411.6784426274671 2.3002233499999996 0.9999953964961784
1ca4-ca6
-0.10435323076745426 -6.358290042215108 -1412.495211290898 2.29011061 0.9999384674821764
-0.10438395736045607 -6.320411860244601 -1412.5845655781561 2.29011061 0.9999384357758732
1cb1
2.0298947847790885 -15.205023654583385 -1399.364923541969 2.1498891999999996 0.9999797716569512
2.0187903292004563 -15.122372260387186 -1399.4939730041945 2.1498891999999996 0.9999797302434371
1cb1-cb3
-0.7715020673759833 -3.846246670885326 -1406.7484059042606 2.3991070499999996 0.9999639849095665
-0.7679182787706077 -3.82090518900095 -1406.8326775855908 2.3991070499999996 0.9999640032551497
1cb3
0.20199780727961802 -7.710183516008541 -1414.3577220086077 2.3886901699999994 0.999917593270472
0.20020335127221695 -7.663684429681955 -1414.4613935798875 2.3886901699999994 0.9999176331557194
1cb3-cb5
-0.5099394484941328 -5.092646125997822 -1416.2000186783725 2.2196117600000003 0.996747321541924
-0.5079906745156806 -5.061400649991504 -1416.2816039615223 2.2196117600000003 0.9967458903645776
1cb5
0.5879254048883147 -8.838437002983712 -1425.4293618073157 2.0668185799999987 0.9998974181346286
0.584704996554316 -8.79105554210086 -1425.5161012584394 2.0668185799999987 0.9998974112086593
1cb5-cb7
0.02173067676315768 -6.591313303044502 -1426.4493132696068 2.05831404 0.999950369532738
0.021096397562580277 -6.55436089369867 -1426.5252687742966 2.05831404 0.9999504555059368
1cb5-cbv
-0.7933829460576138 -3.8135190494489963 -1425.6750322003916 2.1999230499999998 0.999955939484137
-0.7888511186454046 -3.7930924086040867 -1425.7473731433229 2.1999230499999998 0.9999559813205964
1cb6
-0.051632634830320524 -6.718476753270732 -1423.8561267836146 1.956218269999999 0.9999682945784328
-0.05146519779058886 -6.681922109117583 -1423.9360286368649 1.956218269999999 0.9999682522892208
1cb6-cb7
-0.6790310383945208 -4.526901516992751 -1424.307224418638 2.0211017900000003 0.999890490841663
-0.6757845414257814 -4.501662740162877 -1424.374140403094 2.0211017900000003 0.9998904861559174
2c1
-0.592869084243106 -5.411432719673388 -1398.6252871934137 2.1907497499999993 0.9999593073938812
-0.5932830704832066 -5.367835899955745 -1398.7215222779387 2.1907497499999993 0.9999588923021654
2c1-1c2
-0.16902840245998899 -6.581277598313309 -1397.8469552009112 2.1699585399999997 0.9999883914983263
-0.16846376400431035 -6.543983919908513 -1397.933225117541 2.1699585399999997 0.9999883850608436
c4
-1.2608359385934376 -1.8521522238497328 -1415.2041982453193 2.0535606299999998 0.9999893815638827
-1.254275515250816 -1.8403153716662914 -1415.2642093049844 2.0535606299999998 0.9999893943427149
ca6
-0.007883965115496494 -6.789629417124729 -1415.3450362417307 2.2952135999999994 0.9999331926677323
-0.008396233381795667 -6.749385602402754 -1415.4374483709234 2.2952135999999994 0.9999332407438534
cb5
-0.20877051366415358 -5.9352951512463274 -1419.5834625069697 2.2769091999999995 0.9998222136819277
-0.20811897069845126 -5.900212148002421 -1419.6695327363784 2.2769091999999995 0.9998220822253955
cb7
0.4516512768591746 -7.908207645437426 -1426.0563833904512 1.8435199899999999 0.9997841546078244
0.4493692930388558 -7.866926054257117 -1426.1321903701082 1.8435199899999999 0.9997840548202515
cbv
-0.028527987605220288 -6.903167834414807 -1425.259811397125 2.47878312 0.9998373798701005
-0.028893363977340773 -6.861065110541023 -1425.3647903183519 2.47878312 0.9998374349129632
co2h
0.3957523603596597 -9.511207298956442 -1401.0958285502702 2.55424954 0.9999827947067443
0.39286666283971344 -9.451831891546522 -1401.2377597822644 2.55424954 0.9999827935544814
co2h-co2v
-1.4121066228640902 -0.1964732281191382 -1410.790994919169 2.8518407099999994 0.9998198304479283
-1.4045687330789367 -0.18946711234874086 -1410.8756155181884 2.8518407099999994 0.9998198630453068
co2v
-0.09187290443824553 -7.158211827903748 -1402.9973813233507 2.8155607499999995 0.9999869195774445
-0.09273745131536945 -7.107380151127164 -1403.13681142282 2.8155607499999995 0.9999869160432571
co2v-co_2
0.14118849343560783 -7.98905293905616 -1402.7124138211755 2.69775092 0.9999032240424509
0.13919165183664675 -7.9357500429941625 -1402.8448141131134 2.69775092 0.9999031531613121
co_1
0.17406244626379164 -7.6207929735288245 -1406.5149287014274 2.4950685199999993 0.9999817218765992
0.17251333838162217 -7.574356554771242 -1406.624050007664 2.4950685199999993 0.9999817276867249
dsur5l
-0.3017784709669161 -6.001740227851672 -1364.6068690343757 2.0198912499999997 0.9999990715523838
-0.30064903530409476 -5.968061883431129 -1364.682096108289 2.0198912499999997 0.9999990668805455
dsur5l_h
0.24687219725005186 -7.78601382410164 -1371.478085504003 1.7216630499999992 0.9999635266580076
0.245899796710687 -7.746676224873917 -1371.5502093276066 1.7216630499999992 0.9999634909586597
psur5l
0.10200442194266397 -7.640838761105403 -1376.1679793918372 2.4867427499999994 0.9999862139875862
0.10083907875962898 -7.593962350851518 -1376.2802861945163 2.4867427499999994 0.9999862081231322
ch4
0 0 -48.02 10 1
0 0 -48.02 10 1
co
0 0 -29.6 10 1
0 0 -29.6 10 1
ch3oh
0 0 -60.82 10 1
0 0 -60.82 10 1
co2 
0 0 -46.18 10 1
0 0 -46.18 10 1