ca6 3
-0.007883965115496494 -6.789629417124729 -1415.3450362417307 2.2952135999999994 0.9999331926677323
-0.008396233381795667 -6.749385602402754 -1415.4374483709234 2.2952135999999994 0.9999332407438534
1ca4 3
0.42572391265126747 -8.829396144573394 -1411.494690526788 2.3002233499999996 0.999997547774283
0.42283186394264693 -8.777983765152888 -1411.6004469193947 2.3002233499999996 0.9999975419913493
1ca1-ca4 2
0.3528417209169865 -8.697862035903386 -1403.039210475889 2.37270481 0.9999690925132061
0.35035887811142674 -8.646676738356545 -1403.149523976219 2.37270481 0.999969065770981
1ca0 1
0.15197229343644325 -7.890340521410235 -1398.0284850181151 2.28261237 0.9999995967148918
0.15099936033225383 -7.846080314130411 -1398.127223399899 2.28261237 0.9999996030864996
1ca1 2
-0.06278899034226637 -7.2949864804969105 -1404.406045553261 2.3182944699999997 0.9998660727781936
-0.06102924020196474 -7.259482664038743 -1404.5005135583879 2.3182944699999997 0.9998685237181785
1ca4-ca6 3
-0.10435323076745426 -6.358290042215108 -1412.495211290898 2.29011061 0.9999384674821764
-0.10438395736045607 -6.320411860244601 -1412.5845655781561 2.29011061 0.9999384357758732
dsur 0
-1.4076924908815476 -59.311932318955456 -1214.4951036746365 2.5334052599999994 0.9999925496212803
-1.4081933981120835 -59.27235890651639 -1214.594733394648 2.5334052599999994 0.9999925489406237
deO-ca4 0
-0.38938642809232193 -558.1871284528778 -227.5133886438799 2.1383211699999993 0.9999777932787882
-0.38914132007414964 -557.8353166222045 -228.2752856462056 2.1383211699999993 0.9999778035878372
psur 0
-5.461212630053151 -44.337557167826624 -1207.369263560498 3.0027610399999993 0.9999090181559536
-5.459447458270848 -44.305628714814745 -1207.4839434758344 3.0027610399999993 0.9999090169398276
dsur5l_h 0
9.106872013112142 -83.61103077789512 -1256.9616958358922 1.8754658499999994 0.9997885172512635
9.100068765975657 -83.55401490785115 -1257.0471243466654 1.8754658499999994 0.9997885180031226
1cb3 3
0.2840642348762402 -8.07306352170211 -1413.9582832731248 2.3886901699999994 0.9999553762761136
0.28190505958323686 -8.02495759072189 -1414.0637168228495 2.3886901699999994 0.9999553923446347
cb5 3
-0.20877051366415358 -5.9352951512463274 -1419.5834625069697 2.2769091999999995 0.9998222136819277
-0.20811897069845126 -5.900212148002421 -1419.6695327363784 2.2769091999999995 0.9998220822253955
1cb3-cb5 3
-0.5099394484941328 -5.092646125997822 -1416.2000186783725 2.2196117600000003 0.996747321541924
-0.5079906745156806 -5.061400649991504 -1416.2816039615223 2.2196117600000003 0.9967458903645776
1cb1-cb3 2
-0.7715020673759833 -3.846246670885326 -1406.7484059042606 2.3991070499999996 0.9999639849095665
-0.7679182787706077 -3.82090518900095 -1406.8326775855908 2.3991070499999996 0.9999640032551497
1cb1 2
3.342287923264799 -20.571773236841857 -1393.9205489533526 2.1457150999999994 0.9999999999999998
3.3248668456288386 -20.46325086554725 -1394.0758820749313 2.1457150999999994 1.0
cb7 4
0.29161869042444477 -7.39106472918992 -1426.4710332041495 1.9918181499999994 0.999890900598479
0.2898697632279896 -7.351480946466847 -1426.5454977514526 1.9918181499999994 0.999890842281202
1cb6-cb7 4
0.25495550920111376 -7.817720575166815 -1421.460522500635 2.0211017900000003 0.9991865510191417
0.2533630712847731 -7.775434341663019 -1421.5421804495272 2.0211017900000003 0.9991865665221926
1cb5-cb7 4
0.02173067676315768 -6.591313303044502 -1426.4493132696068 2.05831404 0.999950369532738
0.021096397562580277 -6.55436089369867 -1426.5252687742966 2.05831404 0.9999504555059368
1cb5 4
0.9074717649486355 -9.98618171335635 -1424.4183137540247 2.0668185799999987 0.9997851514398937
0.902466696055583 -9.932389767944173 -1424.5107008089524 2.0668185799999987 0.9997851879164482
cbv 4
-0.028527987605220288 -6.903167834414807 -1425.259811397125 2.47878312 0.9998373798701005
-0.028893363977340773 -6.861065110541023 -1425.3647903183519 2.47878312 0.9998374349129632
1cb5-cbv 4
4.327833045058629 -25.569949612082322 -1402.6073840082088 2.2757250200000003 0.9993743037876445
4.304554073801818 -25.431440690998244 -1402.8048508413556 2.2757250200000003 0.9993743940370966
1cb6 4
0.3534334107391003 -8.128980840966843 -1422.6354616508693 2.101128889999999 0.9999557845975677
0.35129358497185614 -8.084397667475837 -1422.722306497504 2.101128889999999 0.9999557863683205
2c1 3
-0.057488656190005025 -7.371384061363205 -1396.8829358527341 2.1907497499999993 0.9984128906974731
-0.05958613036305776 -7.32165305984929 -1396.9845860946214 2.1907497499999993 0.9984060880406385
2c1-1c2 3
-0.16902840245998899 -6.581277598313309 -1397.8469552009112 2.1699585399999997 0.9999883914983263
-0.16846376400431035 -6.543983919908513 -1397.933225117541 2.1699585399999997 0.9999883850608436
c4 4
0.3508923742042463 -7.741995752914387 -1409.8563282848334 2.2188604099999996 0.9994512698510019
0.3484826232722847 -7.697354290950464 -1409.9461474465209 2.2188604099999996 0.9994512646820553
1c3 4
0.8412913575857492 -10.010384859976645 -1407.1302739940015 2.1160710399999996 0.9999686942955479
0.8363888646981004 -9.95479843597278 -1407.2286069271793 2.1160710399999996 0.9999686980470639
1c2-c3 3
0.02967600638477084 -7.118685555982009 -1397.9234473081547 2.2818634499999995 0.999690001840207
0.02925121373784462 -7.077776307767585 -1398.0172633920947 2.2818634499999995 0.9996899342879816
1c2 3
0.9157016483696183 -10.500446270446028 -1397.45708052453 2.20474543 0.9998404824186401
0.9104122654028153 -10.441701107602416 -1397.5636093054193 2.20474543 0.9998403431086479
1c3-c4 4
0.182426938148699 -7.555817224040173 -1406.2389270535305 2.2423595799999996 0.9999913267261877
0.18075320527383973 -7.511172187211072 -1406.3333800703167 2.2423595799999996 0.9999913189645485
co2h 0 
0.4884865890848878 -9.946538949652577 -1400.5864697077088 2.692354859999999 0.9999905868320529
0.48479964487235294 -9.883399330421963 -1400.7328085302715 2.692354859999999 0.999990590570835
co2h-co2v 0 
-1.4121066228640902 -0.1964732281191382 -1410.790994919169 2.8518407099999994 0.9998198304479283
-1.4045687330789367 -0.18946711234874086 -1410.8756155181884 2.8518407099999994 0.9998198630453068
co2v 0 
-0.09187290443824553 -7.158211827903748 -1402.9973813233507 2.8155607499999995 0.9999869195774445
-0.09273745131536945 -7.107380151127164 -1403.13681142282 2.8155607499999995 0.9999869160432571
co2v-co_2 0 
0.14118849343560783 -7.98905293905616 -1402.7124138211755 2.69775092 0.9999032240424509
0.13919165183664675 -7.9357500429941625 -1402.8448141131134 2.69775092 0.9999031531613121
co_1 0 
0.17406244626379164 -7.6207929735288245 -1406.5149287014274 2.4950685199999993 0.9999817218765992
0.17251333838162217 -7.574356554771242 -1406.624050007664 2.4950685199999993 0.9999817276867249


xxxxxx