1c2 CH2* 3
-0.46816813038130783 -1.062806569523027 -1414.3482742965357 -0.4200400000000002 0.9999415174783469
-1.0465951156250548  5.076952016093052   -1422.797502322385   2.20474543   0.9998743134742883
1c2-c3 CH2*->CH3* 3
-0.47314876296656544 -1.0170024844359795 -1412.0751226707273 -0.3018200000000002 0.9995573257331544
-0.9714353285734738  4.90775412226431   -1420.6726141625543   2.2818634499999995   0.9999295522983741
1c3 CH3* 4
-0.45771185771507544 -1.070808257584304 -1422.784345466636 -0.4822300000000004 0.9997079074244843
-1.0740138220033428  5.069849233931062   -1430.9974687229258   2.1160710399999996   0.9999393065093294
1c3-c4 CH3*-CH4 4
-0.4716709130413181 -1.0704942074139758 -1420.527060091795 -0.4126000000000003 0.9990617986862034
-0.9920351125019492  4.960074983289589   -1428.935894898294   2.2423595799999996   0.9999930066164442
1ca0 CO* 1
-0.6359345085572766 -1.386622878899124 -1413.542979149481 -0.3584000000000005 0.9928412019401776
-0.7180927182914476 3.8729960391267273 -1420.8833405934704 2.28261237 0.9995290857070502
1ca0-ca1 wrong 1
-0.44448161687897064 -1.081080645237513 -1382.5866946256187 -0.5651900000000003 0.9999424762594948
-0.9149647146089535 4.882273691716419 -1428.5831893324948 2.3182944699999997 0.9977202968538479
1ca1 CHO* 2
-0.5025063619942952 -1.0804555115193093 -1419.7906624638663 -0.22115000000000062 0.9976686676967327
-0.9149647146089535 4.882273691716419 -1428.5831893324948 2.3182944699999997 0.9977202968538479
1ca1-ca4 CHO*->CHOH* 2
-0.47407960961792545 -0.9188156803351648 -1419.5499551287874 -0.1012000000000004 0.9997325507632073
-0.9612352580683583 5.040756253900432 -1428.7797381647358 2.37270481 0.9999575247276753
1ca4 CHOH* 3
-0.4266014955579721 -0.8313245898337007 -1427.4525714308706 -0.13664000000000076 0.9980229335552534
-1.0085485533713157 5.148104707564285 -1436.5982678795601 2.3002233499999996 0.9999846679327413
1ca4-ca6 CHOH*->CH2OH* 3
-0.47643979858603736 -1.0713587239458457 -1425.7730717650738 -0.39035000000000064 0.9998527684192284
-0.9058629244589534 4.674926530715584 -1434.0948816974535 2.29011061 0.9999779881429143
1cb1 CHO* 2
-0.40466866645556887 -0.924996489236731 -1420.7794166336046 -0.45062000000000024 0.9986137287650693
-2.2649488801743454 10.01061839044028 -1434.2613276795869 2.1417128199999995 0.9940330858638908
1cb1-cb3 CHO*->CH2O* 2
-0.4579176489083168 -0.910668650979339 -1418.4673141478404 -0.15572000000000052 0.9998137305545504
-0.951254868961821 5.069062177261255 -1427.6397682993704 2.3991070499999996 0.9998799894058242
1cb3 CH2O* 3
-0.47178528886466403 -0.9434158460894901 -1429.537562439885 -0.17202000000000073 0.9983998733068051
-0.9388691050350122 4.952480629088869 -1438.6332971421166 2.3886901699999994 0.9999677010516038
1cb3-cb5 CH2O*->CH3O* 3
-0.7288061888106167 -1.6833790363098402 -1428.3802021887884 -0.4112100000000005 0.9960875665878066
-0.613462044411489 3.372857672734892 -1434.9944587829568 2.2196117600000003 0.9973591897516413
1cb5 CH3O* 4
-0.48194154455612176 -1.2362543327476063 -1439.664721285256 -0.6789000000000005 0.9972511653292302
-1.0642810952202095 4.9561944347501266 -1447.4097779638441 2.0668185799999987 0.9998992457984158
1cb5-cb7 CH3O*->CH3OH* 4
-0.4721477696287948 -1.3024912790904435 -1438.4501277635095 -0.8716400000000006 0.9997952622593422
-0.9760937721907541 4.624602439926517 -1445.8395453639193 2.05831404 0.9999490100510648
1cb5-cbv CH3O*->CH4 4
-0.5557959586163767 -1.3559418318997325 -1436.5949851415344 -0.4334300000000004 0.9999717873292346
-1.3568020938462244 6.645725225181475 -1447.0335277847892 2.2757250200000003 0.9992862097905248
1cb6 CH2OH* 4
-0.4698470164354202 -1.167832886787902 -1436.5357703061386 -0.6101700000000005 0.9990355212221456
-1.0280133269474196 4.914455973601439 -1444.473831549925 2.101128889999999 0.9999935491737734
1cb6-cb7 CH2OH*->CH3OH* 4
-0.4874345547572654 -1.24125386452276 -1434.534574260922 -0.6540600000000003 0.9999827782911469
-1.0700033194724883 4.955909049347185 -1442.4220348166516 2.0211017900000003 0.9995302269392539
2c1-1c2 wrong 3
-0.44448161687897064 -1.081080645237513 -1382.5866946256187 -0.5651900000000003 0.9999424762594948
-0.9889817017154593  4.8451765412518295   -1419.3117204993341   2.1699585399999997   0.9999654822084061
2c1 CH* 3
-0.47509759648462785 -1.0691838088321426 -1411.6592264515014 -0.39208 0.999898865845564
-1.228394983502757  5.868574109750835   -1420.82427009776   2.1907497499999993   0.9999425402465432
c4 CH4 4
-0.41339577411976286 -0.9566090014437014 -1423.4491433471885 -0.49375000000000036 0.9979048471078411
-0.9359140072499946  4.643774489852319   -1431.5184088508322   2.2188604099999996   0.9998422591583895
ca6 CH2OH* 3
-0.4543317859841457 -0.9893758705681174 -1429.0193496964623 -0.3313500000000005 0.9991378836060968
-0.9265892610614264 4.770198465348647 -1437.5682031138929 2.2952135999999994 0.999981844769839
cb5 CH3O* 3
-0.3956923850013372 -0.9483456252081406 -1432.295366208007 -0.4556100000000005 0.9998444643798378
-0.9259333410874787 4.73907350041153 -1440.7159892758307 2.2769091999999995 0.9998345154868515
cb7 CH3OH* 4
-0.4598754282358893 -1.291751593283644 -1438.4843064083168 -0.9224100000000002 0.9997229870817866
-0.9828406912877075 4.524590821435467 -1445.6843263345793 1.9918181499999994 0.9999605409545074
cbv CH4 4
-0.3929315435355339 -0.6969124037644364 -1439.9563133183392 0.08468999999999927 0.9966811487911652
-0.9116809036882212 5.019873902632106 -1449.9228603532424 2.47878312 0.9998826567349444
co2h CO2(h) 0
-0.2976330993773201 -0.5976470627073234 -1421.1944379566244 0.36923999999999957 0.9982916025195201
-0.9810365345162501 5.6442266266912435 -1432.454707873956 2.692354859999999 0.9999896438897048
co2h-co2v CO2(h)->CO2(v) 0
-0.45513229315023995 -0.49891519253839123 -1419.254125507823 0.8042399999999992 0.9999882821195494
-0.7970172050032 4.92256776595987 -1430.9564559570713 2.8518407099999994 0.9999813106912835
co2v CO2(v) 0
-0.5498964865929885 -0.5831425075523341 -1420.3930891829962 0.6855399999999996 0.9991946614538664
-0.9420741882201282 5.638448999355219 -1432.8340310390356 2.8155607499999995 0.9999826707497732
co2v-co_2 CO2(v)->CO 0
-0.5290730430173678 -0.6628570840584009 -1420.280789127733 0.5152999999999999 0.9997767654961592
-0.9045292138013228 5.255605507491351 -1431.3888959466142 2.69775092 0.9999721888834688
co_1 CO 0
-0.4396420239960125 -0.8166431292768127 -1422.2949461524793 -0.004020000000000579 0.9996977617762774
-0.906784804939136 4.961037355992649 -1431.7173070394874 2.4950685199999993 0.9999965706469702
co_1-co2h CO->CO2(h)sol-wrong 0
-0.5113754908087614 -0.7748026807815191 -1419.6753028298615 0.3907399999999992 0.9914040163551904
-0.9045292138013228 5.255605507491351 -1431.3888959466142 2.69775092 0.9999721888834688

xxxxx